TreeForestLeaves_thin_dry_small_Cluster_01.spt
Leaves
1, 0.5, 0, 0.5, 0, 0, 1, 0
Fronds
1, 0.5, 0, 0.5, 0, 0, 1, 0
Billboards
0.351563, 0.887695, 0, 0.887695, 0, 0.789063, 0.351563, 0.789063
0.703125, 0.887695, 0.351563, 0.887695, 0.351563, 0.789063, 0.703125, 0.789063
0.351563, 0.986328, 0, 0.986328, 0, 0.887695, 0.351563, 0.887695
0.703125, 0.986328, 0.351563, 0.986328, 0.351563, 0.887695, 0.703125, 0.887695
TreeForestLeaves_thin_dry_small_Cluster_02.spt
Leaves
1, 0.5, 0, 0.5, 0, 0, 1, 0
Fronds
1, 0.5, 0, 0.5, 0, 0, 1, 0
Billboards
0.351563, 0.644531, 0, 0.644531, 0, 0.5, 0.351563, 0.5
0.703125, 0.644531, 0.351563, 0.644531, 0.351563, 0.5, 0.703125, 0.5
0.351563, 0.789063, 0, 0.789063, 0, 0.644531, 0.351563, 0.644531
0.703125, 0.789063, 0.351563, 0.789063, 0.351563, 0.644531, 0.703125, 0.644531
