Furtree_Big_01.spt
Leaves
0.5, 0.5, 0, 0.5, 0, 0, 0.5, 0
Fronds
0.5, 0.5, 0, 0.5, 0, 0, 0.5, 0
Billboards
0.431641, 0.75, 0.25, 0.75, 0.25, 0.5, 0.431641, 0.5
0.613281, 0.75, 0.431641, 0.75, 0.431641, 0.5, 0.613281, 0.5
0.931641, 0.25, 0.75, 0.25, 0.75, 0, 0.931641, 0
0.431641, 1, 0.25, 1, 0.25, 0.75, 0.431641, 0.75
Furtree_Small_01.spt
Leaves
0.5, 0.5, 0, 0.5, 0, 0, 0.5, 0
Fronds
0.25, 1, 0, 1, 0, 0.5, 0.25, 0.5
Billboards
0.53125, 1, 0.431641, 1, 0.431641, 0.875, 0.53125, 0.875
0.919922, 0.625, 0.820313, 0.625, 0.820313, 0.5, 0.919922, 0.5
0.813477, 0.75, 0.713867, 0.75, 0.713867, 0.625, 0.813477, 0.625
0.956055, 0.5, 0.856445, 0.5, 0.856445, 0.375, 0.956055, 0.375
Furtree_Small_02.spt
Leaves
0.5, 0.5, 0, 0.5, 0, 0, 0.5, 0
Fronds
0.25, 1, 0, 1, 0, 0.5, 0.25, 0.5
Billboards
0.713867, 0.75, 0.613281, 0.75, 0.613281, 0.625, 0.713867, 0.625
0.820313, 0.625, 0.719727, 0.625, 0.719727, 0.5, 0.820313, 0.5
0.957031, 0.375, 0.856445, 0.375, 0.856445, 0.25, 0.957031, 0.25
0.638672, 0.875, 0.538086, 0.875, 0.538086, 0.75, 0.638672, 0.75
Furtree_Small_03_bent.spt
Leaves
0.5, 0.5, 0, 0.5, 0, 0, 0.5, 0
Fronds
0.25, 1, 0, 1, 0, 0.5, 0.25, 0.5
Billboards
0.731445, 0.875, 0.638672, 0.875, 0.638672, 0.75, 0.731445, 0.75
0.624023, 1, 0.53125, 1, 0.53125, 0.875, 0.624023, 0.875
0.90625, 0.75, 0.813477, 0.75, 0.813477, 0.625, 0.90625, 0.625
0.824219, 0.875, 0.731445, 0.875, 0.731445, 0.75, 0.824219, 0.75
Furtree_Small_04_bent_dead_tree.spt
Leaves
0.5, 0.5, 0, 0.5, 0, 0, 0.5, 0
Fronds
0.75, 0.5, 0.5, 0.5, 0.5, 0, 0.75, 0
Billboards
0.538086, 0.875, 0.431641, 0.875, 0.431641, 0.75, 0.538086, 0.75
0.856445, 0.5, 0.75, 0.5, 0.75, 0.375, 0.856445, 0.375
0.719727, 0.625, 0.613281, 0.625, 0.613281, 0.5, 0.719727, 0.5
0.856445, 0.375, 0.75, 0.375, 0.75, 0.25, 0.856445, 0.25
Furtree_Small_05_dead_tree.spt
Leaves
0.5, 0.5, 0, 0.5, 0, 0, 0.5, 0
Fronds
0.75, 0.5, 0.5, 0.5, 0.5, 0, 0.75, 0
Billboards
0.71582, 1, 0.624023, 1, 0.624023, 0.875, 0.71582, 0.875
0.998047, 0.75, 0.90625, 0.75, 0.90625, 0.625, 0.998047, 0.625
0.916016, 0.875, 0.824219, 0.875, 0.824219, 0.75, 0.916016, 0.75
0.807617, 1, 0.71582, 1, 0.71582, 0.875, 0.807617, 0.875
