aspen_4.spt
Leaves
0.4925, 0.24625, 0.0075, 0.24625, 0.0075, 0.00375, 0.4925, 0.00375
0.4925, 0.49625, 0.0075, 0.49625, 0.0075, 0.25375, 0.4925, 0.25375
0.9925, 0.24625, 0.5075, 0.24625, 0.5075, 0.00375, 0.9925, 0.00375
0.9925, 0.49625, 0.5075, 0.49625, 0.5075, 0.25375, 0.9925, 0.25375
Fronds
0.24625, 0.74625, 0.00375, 0.74625, 0.00375, 0.50375, 0.24625, 0.50375
Billboards
0.331763, 0.623125, 0.251245, 0.623125, 0.251245, 0.501875, 0.331763, 0.501875
0.414771, 0.623125, 0.334253, 0.623125, 0.334253, 0.501875, 0.414771, 0.501875
0.497778, 0.623125, 0.417261, 0.623125, 0.417261, 0.501875, 0.497778, 0.501875
0.580786, 0.623125, 0.500269, 0.623125, 0.500269, 0.501875, 0.580786, 0.501875
0.663794, 0.623125, 0.583276, 0.623125, 0.583276, 0.501875, 0.663794, 0.501875
0.746802, 0.623125, 0.666284, 0.623125, 0.666284, 0.501875, 0.746802, 0.501875
Self-Shadow
0.985, 0.985, 0.015, 0.985, 0.015, 0.015, 0.985, 0.015
