TreeForestLeaves_low_Cluster_02.spt
Leaves
0.5, 0.5, 0, 0.5, 0, 0, 0.5, 0
0.5, 1, 0, 1, 0, 0.5, 0.5, 0.5
Fronds
1, 0.5, 0.5, 0.5, 0.5, 0, 1, 0
Billboards
0.900391, 0.616211, 0.773438, 0.616211, 0.773438, 0.557617, 0.900391, 0.557617
0.626953, 0.878906, 0.5, 0.878906, 0.5, 0.820313, 0.626953, 0.820313
0.900391, 0.674805, 0.773438, 0.674805, 0.773438, 0.616211, 0.900391, 0.616211
0.753906, 0.831055, 0.626953, 0.831055, 0.626953, 0.772461, 0.753906, 0.772461
TreeForestLeaves_low_Cluster_04.spt
Leaves
0.5, 0.5, 0, 0.5, 0, 0, 0.5, 0
0.5, 1, 0, 1, 0, 0.5, 0.5, 0.5
Fronds
1, 0.5, 0.5, 0.5, 0.5, 0, 1, 0
Billboards
0.626953, 0.952148, 0.5, 0.952148, 0.5, 0.878906, 0.626953, 0.878906
0.900391, 0.748047, 0.773438, 0.748047, 0.773438, 0.674805, 0.900391, 0.674805
0.753906, 0.904297, 0.626953, 0.904297, 0.626953, 0.831055, 0.753906, 0.831055
0.900391, 0.821289, 0.773438, 0.821289, 0.773438, 0.748047, 0.900391, 0.748047
TreeForestLeaves_low_Cluster_05.spt
Leaves
0.5, 0.5, 0, 0.5, 0, 0, 0.5, 0
0.5, 1, 0, 1, 0, 0.5, 0.5, 0.5
Fronds
1, 0.5, 0.5, 0.5, 0.5, 0, 1, 0
Billboards
0.636719, 0.555664, 0.5, 0.555664, 0.5, 0.5, 0.636719, 0.5
0.636719, 0.611328, 0.5, 0.611328, 0.5, 0.555664, 0.636719, 0.555664
0.636719, 0.666992, 0.5, 0.666992, 0.5, 0.611328, 0.636719, 0.611328
0.773438, 0.555664, 0.636719, 0.555664, 0.636719, 0.5, 0.773438, 0.5
TreeForestLeaves_low_Cluster_06.spt
Leaves
0.5, 0.5, 0, 0.5, 0, 0, 0.5, 0
0.5, 1, 0, 1, 0, 0.5, 0.5, 0.5
Fronds
1, 0.5, 0.5, 0.5, 0.5, 0, 1, 0
Billboards
0.753906, 0.772461, 0.626953, 0.772461, 0.626953, 0.714844, 0.753906, 0.714844
0.900391, 0.557617, 0.773438, 0.557617, 0.773438, 0.5, 0.900391, 0.5
0.626953, 0.820313, 0.5, 0.820313, 0.5, 0.762695, 0.626953, 0.762695
0.763672, 0.708984, 0.636719, 0.708984, 0.636719, 0.651367, 0.763672, 0.651367
TreeForestLeaves_low_Cluster_07.spt
Leaves
0.5, 0.5, 0, 0.5, 0, 0, 0.5, 0
0.5, 1, 0, 1, 0, 0.5, 0.5, 0.5
Fronds
1, 0.5, 0.5, 0.5, 0.5, 0, 1, 0
Billboards
0.744141, 0.970703, 0.626953, 0.970703, 0.626953, 0.904297, 0.744141, 0.904297
0.871094, 0.897461, 0.753906, 0.897461, 0.753906, 0.831055, 0.871094, 0.831055
0.861328, 0.970703, 0.744141, 0.970703, 0.744141, 0.904297, 0.861328, 0.904297
0.988281, 0.897461, 0.871094, 0.897461, 0.871094, 0.831055, 0.988281, 0.831055
TreeForestLeaves_lowDry_Cluster_01.spt
Leaves
0.5, 0.5, 0, 0.5, 0, 0, 0.5, 0
Fronds
1, 0.5, 0.5, 0.5, 0.5, 0, 1, 0
Billboards
0.763672, 0.651367, 0.636719, 0.651367, 0.636719, 0.603516, 0.763672, 0.603516
0.626953, 0.762695, 0.5, 0.762695, 0.5, 0.714844, 0.626953, 0.714844
0.763672, 0.603516, 0.636719, 0.603516, 0.636719, 0.555664, 0.763672, 0.555664
0.626953, 0.714844, 0.5, 0.714844, 0.5, 0.666992, 0.626953, 0.666992
