TreeBirchLeaves_thin_01.spt
Leaves
0.5, 0.5, 0, 0.5, 0, 0, 0.5, 0
0.5, 1, 0, 1, 0, 0.5, 0.5, 0.5
Fronds
0.75, 0.5, 0.5, 0.5, 0.5, 0, 0.75, 0
Billboards
0.779297, 0.897461, 0.700195, 0.897461, 0.700195, 0.799805, 0.779297, 0.799805
0.945313, 0.698242, 0.866211, 0.698242, 0.866211, 0.600586, 0.945313, 0.600586
0.861328, 0.797852, 0.782227, 0.797852, 0.782227, 0.700195, 0.861328, 0.700195
0.580078, 0.975586, 0.500977, 0.975586, 0.500977, 0.87793, 0.580078, 0.87793
TreeBirchLeaves_thin_02.spt
Leaves
0.5, 0.5, 0, 0.5, 0, 0, 0.5, 0
0.5, 1, 0, 1, 0, 0.5, 0.5, 0.5
Fronds
0.75, 0.5, 0.5, 0.5, 0.5, 0, 0.75, 0
Billboards
0.770508, 0.99707, 0.700195, 0.99707, 0.700195, 0.899414, 0.770508, 0.899414
0.851563, 0.897461, 0.78125, 0.897461, 0.78125, 0.799805, 0.851563, 0.799805
0.933594, 0.797852, 0.863281, 0.797852, 0.863281, 0.700195, 0.933594, 0.700195
0.670898, 0.991211, 0.600586, 0.991211, 0.600586, 0.893555, 0.670898, 0.893555
TreeBirchLeaves_thin_Cluster_01.spt
Leaves
0.5, 0.5, 0, 0.5, 0, 0, 0.5, 0
0.5, 1, 0, 1, 0, 0.5, 0.5, 0.5
Fronds
0.75, 0.5, 0.5, 0.5, 0.5, 0, 0.75, 0
Billboards
0.594727, 0.776367, 0.500977, 0.776367, 0.500977, 0.678711, 0.594727, 0.678711
0.694336, 0.692383, 0.600586, 0.692383, 0.600586, 0.594727, 0.694336, 0.594727
0.944336, 0.0976563, 0.850586, 0.0976563, 0.850586, 0, 0.944336, 0
0.944336, 0.197266, 0.850586, 0.197266, 0.850586, 0.0996094, 0.944336, 0.0996094
TreeBirchLeaves_thin_Cluster_02.spt
Leaves
0.5, 0.5, 0, 0.5, 0, 0, 0.5, 0
0.5, 1, 0, 1, 0, 0.5, 0.5, 0.5
Fronds
0.75, 0.5, 0.5, 0.5, 0.5, 0, 0.75, 0
Billboards
0.848633, 0.4375, 0.750977, 0.4375, 0.750977, 0.345703, 0.848633, 0.345703
0.848633, 0.34375, 0.750977, 0.34375, 0.750977, 0.251953, 0.848633, 0.251953
0.698242, 0.592773, 0.600586, 0.592773, 0.600586, 0.500977, 0.698242, 0.500977
0.598633, 0.676758, 0.500977, 0.676758, 0.500977, 0.584961, 0.598633, 0.584961
TreeBirchLeaves_thin_dry_01.spt
Leaves
0.5, 0.5, 0, 0.5, 0, 0, 0.5, 0
Fronds
0.75, 0.5, 0.5, 0.5, 0.5, 0, 0.75, 0
Billboards
0.833008, 0.99707, 0.772461, 0.99707, 0.772461, 0.899414, 0.833008, 0.899414
0.914063, 0.897461, 0.853516, 0.897461, 0.853516, 0.799805, 0.914063, 0.799805
0.996094, 0.797852, 0.935547, 0.797852, 0.935547, 0.700195, 0.996094, 0.700195
0.995117, 0.496094, 0.93457, 0.496094, 0.93457, 0.398438, 0.995117, 0.398438
TreeBirchLeaves_thin_dry_02.spt
Leaves
0.5, 0.5, 0, 0.5, 0, 0, 0.5, 0
Fronds
0.75, 0.5, 0.5, 0.5, 0.5, 0, 0.75, 0
Billboards
0.957031, 0.598633, 0.876953, 0.598633, 0.876953, 0.500977, 0.957031, 0.500977
0.680664, 0.891602, 0.600586, 0.891602, 0.600586, 0.793945, 0.680664, 0.793945
0.780273, 0.797852, 0.700195, 0.797852, 0.700195, 0.700195, 0.780273, 0.700195
0.864258, 0.698242, 0.78418, 0.698242, 0.78418, 0.600586, 0.864258, 0.600586
TreeBirchLeaves_thin_dry_Cluster_01.spt
Leaves
0.5, 0.5, 0, 0.5, 0, 0, 0.5, 0
Fronds
0.75, 0.5, 0.5, 0.5, 0.5, 0, 0.75, 0
Billboards
0.691406, 0.791992, 0.600586, 0.791992, 0.600586, 0.694336, 0.691406, 0.694336
0.941406, 0.396484, 0.850586, 0.396484, 0.850586, 0.298828, 0.941406, 0.298828
0.941406, 0.296875, 0.850586, 0.296875, 0.850586, 0.199219, 0.941406, 0.199219
0.791016, 0.598633, 0.700195, 0.598633, 0.700195, 0.500977, 0.791016, 0.500977
TreeBirchLeaves_thin_dry_Cluster_02.spt
Leaves
0.5, 0.5, 0, 0.5, 0, 0, 0.5, 0
Fronds
0.75, 0.5, 0.5, 0.5, 0.5, 0, 0.75, 0
Billboards
0.932617, 0.496094, 0.850586, 0.496094, 0.850586, 0.398438, 0.932617, 0.398438
0.875, 0.598633, 0.792969, 0.598633, 0.792969, 0.500977, 0.875, 0.500977
0.583008, 0.875977, 0.500977, 0.875977, 0.500977, 0.77832, 0.583008, 0.77832
0.782227, 0.698242, 0.700195, 0.698242, 0.700195, 0.600586, 0.782227, 0.600586
TreeBirchLeaves_thin_dry_03.spt
Leaves
0.5, 0.5, 0, 0.5, 0, 0, 0.5, 0
Fronds
0.75, 0.5, 0.5, 0.5, 0.5, 0, 0.75, 0
Billboards
0.848633, 0.25, 0.750977, 0.25, 0.750977, 0.167969, 0.848633, 0.167969
0.848633, 0.166016, 0.750977, 0.166016, 0.750977, 0.0839844, 0.848633, 0.0839844
0.848633, 0.0820313, 0.750977, 0.0820313, 0.750977, 0, 0.848633, 0
0.598633, 0.583008, 0.500977, 0.583008, 0.500977, 0.500977, 0.598633, 0.500977
