AmericanElm_RT_bush_01.spt
Leaves
0.5, 0.5, 0, 0.5, 0, 0, 0.5, 0
0.5, 0.5, 0, 0.5, 0, 0, 0.5, 0
Fronds
0.5, 0.5, 0, 0.5, 0, 0, 0.5, 0
Billboards
0.607422, 0.791016, 0.5, 0.791016, 0.5, 0.756836, 0.607422, 0.756836
0.236328, 0.960938, 0.128906, 0.960938, 0.128906, 0.926758, 0.236328, 0.926758
0.236328, 0.995117, 0.128906, 0.995117, 0.128906, 0.960938, 0.236328, 0.960938
0.34375, 0.995117, 0.236328, 0.995117, 0.236328, 0.960938, 0.34375, 0.960938
AmericanElm_RT_Winter_01.spt
Leaves
0.5, 0.5, 0, 0.5, 0, 0, 0.5, 0
Fronds
0.5, 0.5, 0, 0.5, 0, 0, 0.5, 0
Billboards
0.25293, 0.926758, 0.128906, 0.926758, 0.128906, 0.770508, 0.25293, 0.770508
0.902344, 0.302734, 0.77832, 0.302734, 0.77832, 0.146484, 0.902344, 0.146484
0.770508, 0.625, 0.646484, 0.625, 0.646484, 0.46875, 0.770508, 0.46875
0.902344, 0.458984, 0.77832, 0.458984, 0.77832, 0.302734, 0.902344, 0.302734
AmericanElm_RT_Winter_02.spt
Leaves
0.5, 0.5, 0, 0.5, 0, 0, 0.5, 0
Fronds
0.5, 0.5, 0, 0.5, 0, 0, 0.5, 0
Billboards
0.277344, 0.770508, 0.138672, 0.770508, 0.138672, 0.614258, 0.277344, 0.614258
0.138672, 0.770508, 0, 0.770508, 0, 0.614258, 0.138672, 0.614258
0.431641, 0.65625, 0.292969, 0.65625, 0.292969, 0.5, 0.431641, 0.5
0.638672, 0.384766, 0.5, 0.384766, 0.5, 0.228516, 0.638672, 0.228516
AmericanElm_RT_Winter_03.spt
Leaves
0.5, 0.5, 0, 0.5, 0, 0, 0.5, 0
Fronds
0.5, 0.5, 0, 0.5, 0, 0, 0.5, 0
Billboards
0.77832, 0.46875, 0.646484, 0.46875, 0.646484, 0.3125, 0.77832, 0.3125
0.77832, 0.3125, 0.646484, 0.3125, 0.646484, 0.15625, 0.77832, 0.15625
0.77832, 0.15625, 0.646484, 0.15625, 0.646484, 0, 0.77832, 0
0.631836, 0.541016, 0.5, 0.541016, 0.5, 0.384766, 0.631836, 0.384766
AmericanElm_RT_Winter_04_angle.spt
Leaves
0.5, 0.5, 0, 0.5, 0, 0, 0.5, 0
0.5, 0.5, 0, 0.5, 0, 0, 0.5, 0
Fronds
0.5, 0.5, 0, 0.5, 0, 0, 0.5, 0
Billboards
0.995117, 0.908203, 0.887695, 0.908203, 0.887695, 0.761719, 0.995117, 0.761719
0.87793, 0.93457, 0.770508, 0.93457, 0.770508, 0.788086, 0.87793, 0.788086
0.995117, 0.761719, 0.887695, 0.761719, 0.887695, 0.615234, 0.995117, 0.615234
0.995117, 0.615234, 0.887695, 0.615234, 0.887695, 0.46875, 0.995117, 0.46875
AmericanElm_RT_Winter_05_angle.spt
Leaves
0.5, 0.5, 0, 0.5, 0, 0, 0.5, 0
0.5, 0.5, 0, 0.5, 0, 0, 0.5, 0
Fronds
0.5, 0.5, 0, 0.5, 0, 0, 0.5, 0
Billboards
0.421875, 0.802734, 0.292969, 0.802734, 0.292969, 0.65625, 0.421875, 0.65625
0.628906, 0.6875, 0.5, 0.6875, 0.5, 0.541016, 0.628906, 0.541016
0.128906, 0.916992, 0, 0.916992, 0, 0.770508, 0.128906, 0.770508
0.907227, 0.146484, 0.77832, 0.146484, 0.77832, 0, 0.907227, 0
AmericanElm_RT_Winter_06_angle.spt
Leaves
0.5, 0.5, 0, 0.5, 0, 0, 0.5, 0
0.5, 0.5, 0, 0.5, 0, 0, 0.5, 0
Fronds
0.5, 0.5, 0, 0.5, 0, 0, 0.5, 0
Billboards
0.292969, 0.614258, 0.146484, 0.614258, 0.146484, 0.5, 0.292969, 0.5
0.646484, 0.228516, 0.5, 0.228516, 0.5, 0.114258, 0.646484, 0.114258
0.646484, 0.114258, 0.5, 0.114258, 0.5, 0, 0.646484, 0
0.146484, 0.614258, 0, 0.614258, 0, 0.5, 0.146484, 0.5
TreeForestLeaves_thin_dry_compact_Cluster_01.spt
Leaves
0.5, 0.5, 0, 0.5, 0, 0, 0.5, 0
0.5, 0.5, 0, 0.5, 0, 0, 0.5, 0
Fronds
0.5, 0.5, 0, 0.5, 0, 0, 0.5, 0
Billboards
0.763672, 0.774414, 0.646484, 0.774414, 0.646484, 0.694336, 0.763672, 0.694336
0.644531, 0.882813, 0.527344, 0.882813, 0.527344, 0.802734, 0.644531, 0.802734
0.527344, 0.952148, 0.410156, 0.952148, 0.410156, 0.87207, 0.527344, 0.87207
0.887695, 0.707031, 0.770508, 0.707031, 0.770508, 0.626953, 0.887695, 0.626953
TreeForestLeaves_thin_dry_compact_Cluster_02.spt
Leaves
0.5, 0.5, 0, 0.5, 0, 0, 0.5, 0
0.5, 0.5, 0, 0.5, 0, 0, 0.5, 0
Fronds
0.5, 0.5, 0, 0.5, 0, 0, 0.5, 0
Billboards
0.763672, 0.855469, 0.646484, 0.855469, 0.646484, 0.774414, 0.763672, 0.774414
0.644531, 0.963867, 0.527344, 0.963867, 0.527344, 0.882813, 0.644531, 0.882813
0.887695, 0.788086, 0.770508, 0.788086, 0.770508, 0.707031, 0.887695, 0.707031
0.763672, 0.936523, 0.646484, 0.936523, 0.646484, 0.855469, 0.763672, 0.855469
TreeForestLeaves_thin_dry_compact_Cluster_03.spt
Leaves
0.5, 0.5, 0, 0.5, 0, 0, 0.5, 0
0.5, 0.5, 0, 0.5, 0, 0, 0.5, 0
Fronds
0.5, 0.5, 0, 0.5, 0, 0, 0.5, 0
Billboards
0.887695, 0.626953, 0.770508, 0.626953, 0.770508, 0.547852, 0.887695, 0.547852
0.410156, 0.951172, 0.292969, 0.951172, 0.292969, 0.87207, 0.410156, 0.87207
0.117188, 0.996094, 0, 0.996094, 0, 0.916992, 0.117188, 0.916992
0.887695, 0.547852, 0.770508, 0.547852, 0.770508, 0.46875, 0.887695, 0.46875
TreeForestLeaves_thin_dry_compact_Cluster_04.spt
Leaves
0.5, 0.5, 0, 0.5, 0, 0, 0.5, 0
0.5, 0.5, 0, 0.5, 0, 0, 0.5, 0
Fronds
0.5, 0.5, 0, 0.5, 0, 0, 0.5, 0
Billboards
0.527344, 0.87207, 0.410156, 0.87207, 0.410156, 0.802734, 0.527344, 0.802734
0.763672, 0.694336, 0.646484, 0.694336, 0.646484, 0.625, 0.763672, 0.625
0.410156, 0.87207, 0.292969, 0.87207, 0.292969, 0.802734, 0.410156, 0.802734
0.617188, 0.756836, 0.5, 0.756836, 0.5, 0.6875, 0.617188, 0.6875
