RussianOlive_RT_Summer_01.spt
Leaves
0.985, 0.4925, 0.015, 0.4925, 0.015, 0.0075, 0.985, 0.0075
0.985, 0.4925, 0.015, 0.4925, 0.015, 0.0075, 0.985, 0.0075
Fronds
0.985, 0.4925, 0.015, 0.4925, 0.015, 0.0075, 0.985, 0.0075
Billboards
0.173145, 0.559639, 0.00263672, 0.559639, 0.00263672, 0.500908, 0.173145, 0.500908
0.348926, 0.559639, 0.178418, 0.559639, 0.178418, 0.500908, 0.348926, 0.500908
0.524707, 0.559639, 0.354199, 0.559639, 0.354199, 0.500908, 0.524707, 0.500908
0.173145, 0.620186, 0.00263672, 0.620186, 0.00263672, 0.561455, 0.173145, 0.561455
0.700488, 0.559639, 0.52998, 0.559639, 0.52998, 0.500908, 0.700488, 0.500908
0.348926, 0.620186, 0.178418, 0.620186, 0.178418, 0.561455, 0.348926, 0.561455
RussianOlive_RT_Summer_02.spt
Leaves
0.985, 0.4925, 0.015, 0.4925, 0.015, 0.0075, 0.985, 0.0075
0.985, 0.4925, 0.015, 0.4925, 0.015, 0.0075, 0.985, 0.0075
Fronds
0.985, 0.4925, 0.015, 0.4925, 0.015, 0.0075, 0.985, 0.0075
Billboards
0.524707, 0.611528, 0.354199, 0.611528, 0.354199, 0.561323, 0.524707, 0.561323
0.87627, 0.550981, 0.705762, 0.550981, 0.705762, 0.500776, 0.87627, 0.500776
0.700488, 0.611528, 0.52998, 0.611528, 0.52998, 0.561323, 0.700488, 0.561323
0.173145, 0.672075, 0.00263672, 0.672075, 0.00263672, 0.62187, 0.173145, 0.62187
0.348926, 0.672075, 0.178418, 0.672075, 0.178418, 0.62187, 0.348926, 0.62187
0.524707, 0.663286, 0.354199, 0.663286, 0.354199, 0.613081, 0.524707, 0.613081
