aspen_1.spt
Leaves
0.4925, 0.24625, 0.0075, 0.24625, 0.0075, 0.00375, 0.4925, 0.00375
0.4925, 0.49625, 0.0075, 0.49625, 0.0075, 0.25375, 0.4925, 0.25375
0.9925, 0.24625, 0.5075, 0.24625, 0.5075, 0.00375, 0.9925, 0.00375
0.9925, 0.49625, 0.5075, 0.49625, 0.5075, 0.25375, 0.9925, 0.25375
Fronds
0.24625, 0.74625, 0.00375, 0.74625, 0.00375, 0.50375, 0.24625, 0.50375
Billboards
0.348115, 0.623125, 0.251494, 0.623125, 0.251494, 0.501875, 0.348115, 0.501875
0.447725, 0.623125, 0.351104, 0.623125, 0.351104, 0.501875, 0.447725, 0.501875
0.547334, 0.623125, 0.450713, 0.623125, 0.450713, 0.501875, 0.547334, 0.501875
0.646943, 0.623125, 0.550322, 0.623125, 0.550322, 0.501875, 0.646943, 0.501875
0.746553, 0.623125, 0.649932, 0.623125, 0.649932, 0.501875, 0.746553, 0.501875
0.846162, 0.623125, 0.749541, 0.623125, 0.749541, 0.501875, 0.846162, 0.501875
Self-Shadow
0.985, 0.985, 0.015, 0.985, 0.015, 0.015, 0.985, 0.015
