WeepingWillow_01.spt
Leaves
0.25, 1, 0, 1, 0, 0.5, 0.25, 0.5
0.75, 0.5, 0.5, 0.5, 0.5, 0, 0.75, 0
Fronds
0.25, 1, 0, 1, 0, 0.5, 0.25, 0.5
Billboards
0.714844, 0.816406, 0.5, 0.816406, 0.5, 0.689453, 0.714844, 0.689453
0.964844, 0.695313, 0.75, 0.695313, 0.75, 0.568359, 0.964844, 0.568359
0.714844, 0.943359, 0.5, 0.943359, 0.5, 0.816406, 0.714844, 0.816406
0.964844, 0.822266, 0.75, 0.822266, 0.75, 0.695313, 0.964844, 0.695313
WillowOak_01.spt
Leaves
0.5, 0.5, 0, 0.5, 0, 0, 0.5, 0
Fronds
0.5, 1, 0.25, 1, 0.25, 0.5, 0.5, 0.5
Billboards
0.714844, 0.689453, 0.5, 0.689453, 0.5, 0.5, 0.714844, 0.5
0.964844, 0.189453, 0.75, 0.189453, 0.75, 0, 0.964844, 0
0.964844, 0.378906, 0.75, 0.378906, 0.75, 0.189453, 0.964844, 0.189453
0.964844, 0.568359, 0.75, 0.568359, 0.75, 0.378906, 0.964844, 0.378906
