BurntTree_RT_01.spt
Leaves
1, 0.5, 0, 0.5, 0, 0, 1, 0
Fronds
1, 0.5, 0, 0.5, 0, 0, 1, 0
Billboards
0.550781, 0.956055, 0.457031, 0.956055, 0.457031, 0.848633, 0.550781, 0.848633
0.453125, 0.956055, 0.359375, 0.956055, 0.359375, 0.848633, 0.453125, 0.848633
0.355469, 0.956055, 0.261719, 0.956055, 0.261719, 0.848633, 0.355469, 0.848633
0.09375, 0.96582, 0, 0.96582, 0, 0.858398, 0.09375, 0.858398
BurntTree_RT_02.spt
Leaves
1, 0.5, 0, 0.5, 0, 0, 1, 0
Fronds
1, 0.5, 0, 0.5, 0, 0, 1, 0
Billboards
0.277344, 0.84668, 0.144531, 0.84668, 0.144531, 0.739258, 0.277344, 0.739258
0.414063, 0.84668, 0.28125, 0.84668, 0.28125, 0.739258, 0.414063, 0.739258
0.550781, 0.84668, 0.417969, 0.84668, 0.417969, 0.739258, 0.550781, 0.739258
0.6875, 0.84668, 0.554688, 0.84668, 0.554688, 0.739258, 0.6875, 0.739258
BurntTree_RT_03.spt
Leaves
1, 0.5, 0, 0.5, 0, 0, 1, 0
Fronds
1, 0.5, 0, 0.5, 0, 0, 1, 0
Billboards
0.257813, 0.956055, 0.144531, 0.956055, 0.144531, 0.848633, 0.257813, 0.848633
0.921875, 0.84668, 0.808594, 0.84668, 0.808594, 0.739258, 0.921875, 0.739258
0.804688, 0.84668, 0.691406, 0.84668, 0.691406, 0.739258, 0.804688, 0.739258
0.998047, 0.727539, 0.884766, 0.727539, 0.884766, 0.620117, 0.998047, 0.620117
BurntTree_RT_04.spt
Leaves
1, 0.5, 0, 0.5, 0, 0, 1, 0
Fronds
1, 0.5, 0, 0.5, 0, 0, 1, 0
Billboards
0.998047, 0.608398, 0.923828, 0.608398, 0.923828, 0.500977, 0.998047, 0.500977
1, 0.84668, 0.925781, 0.84668, 0.925781, 0.739258, 1, 0.739258
0.628906, 0.956055, 0.554688, 0.956055, 0.554688, 0.848633, 0.628906, 0.848633
0.707031, 0.956055, 0.632813, 0.956055, 0.632813, 0.848633, 0.707031, 0.848633
ScaryTree_RT_01.spt
Leaves
1, 0.5, 0, 0.5, 0, 0, 1, 0
Fronds
1, 0.5, 0, 0.5, 0, 0, 1, 0
Billboards
0.140625, 0.856445, 0, 0.856445, 0, 0.739258, 0.140625, 0.739258
0.880859, 0.737305, 0.740234, 0.737305, 0.740234, 0.620117, 0.880859, 0.620117
0.736328, 0.737305, 0.595703, 0.737305, 0.595703, 0.620117, 0.736328, 0.620117
0.591797, 0.737305, 0.451172, 0.737305, 0.451172, 0.620117, 0.591797, 0.620117
ScaryTree_RT_02.spt
Leaves
1, 0.5, 0, 0.5, 0, 0, 1, 0
Fronds
1, 0.5, 0, 0.5, 0, 0, 1, 0
Billboards
0.447266, 0.737305, 0.300781, 0.737305, 0.300781, 0.620117, 0.447266, 0.620117
0.919922, 0.618164, 0.773438, 0.618164, 0.773438, 0.500977, 0.919922, 0.500977
0.296875, 0.737305, 0.150391, 0.737305, 0.150391, 0.620117, 0.296875, 0.620117
0.146484, 0.737305, 0, 0.737305, 0, 0.620117, 0.146484, 0.620117
ScaryTree_RT_03.spt
Leaves
1, 0.5, 0, 0.5, 0, 0, 1, 0
Fronds
1, 0.5, 0, 0.5, 0, 0, 1, 0
Billboards
0.769531, 0.618164, 0.580078, 0.618164, 0.580078, 0.500977, 0.769531, 0.500977
0.576172, 0.618164, 0.386719, 0.618164, 0.386719, 0.500977, 0.576172, 0.500977
0.382813, 0.618164, 0.193359, 0.618164, 0.193359, 0.500977, 0.382813, 0.500977
0.189453, 0.618164, 0, 0.618164, 0, 0.500977, 0.189453, 0.500977
