Rock_01.spt
Leaves
0.865723, 0.865723, 0.0131836, 0.865723, 0.0131836, 0.0131836, 0.865723, 0.0131836
Fronds
0.865723, 0.865723, 0.0131836, 0.865723, 0.0131836, 0.0131836, 0.865723, 0.0131836
Billboards
0.11543, 0.963613, 0.00175781, 0.963613, 0.00175781, 0.884043, 0.11543, 0.884043
0.998242, 0.0808008, 0.88457, 0.0808008, 0.88457, 0.00123047, 0.998242, 0.00123047
0.998242, 0.170645, 0.88457, 0.170645, 0.88457, 0.0910742, 0.998242, 0.0910742
0.24043, 0.963613, 0.126758, 0.963613, 0.126758, 0.884043, 0.24043, 0.884043
Rock_02.spt
Leaves
0.865723, 0.865723, 0.0131836, 0.865723, 0.0131836, 0.0131836, 0.865723, 0.0131836
Fronds
0.865723, 0.865723, 0.0131836, 0.865723, 0.0131836, 0.0131836, 0.865723, 0.0131836
Billboards
0.998242, 0.260488, 0.88457, 0.260488, 0.88457, 0.180918, 0.998242, 0.180918
0.36543, 0.963613, 0.251758, 0.963613, 0.251758, 0.884043, 0.36543, 0.884043
0.998242, 0.350332, 0.88457, 0.350332, 0.88457, 0.270762, 0.998242, 0.270762
0.998242, 0.440176, 0.88457, 0.440176, 0.88457, 0.360605, 0.998242, 0.360605
