aspen_7.spt
Leaves
0.4925, 0.24625, 0.0075, 0.24625, 0.0075, 0.00375, 0.4925, 0.00375
0.4925, 0.49625, 0.0075, 0.49625, 0.0075, 0.25375, 0.4925, 0.25375
0.9925, 0.24625, 0.5075, 0.24625, 0.5075, 0.00375, 0.9925, 0.00375
0.9925, 0.49625, 0.5075, 0.49625, 0.5075, 0.25375, 0.9925, 0.25375
Fronds
0.24625, 0.74625, 0.00375, 0.74625, 0.00375, 0.50375, 0.24625, 0.50375
Billboards
0.327915, 0.623125, 0.251187, 0.623125, 0.251187, 0.501875, 0.327915, 0.501875
0.407017, 0.623125, 0.330288, 0.623125, 0.330288, 0.501875, 0.407017, 0.501875
0.486118, 0.623125, 0.40939, 0.623125, 0.40939, 0.501875, 0.486118, 0.501875
0.56522, 0.623125, 0.488491, 0.623125, 0.488491, 0.501875, 0.56522, 0.501875
0.644321, 0.623125, 0.567593, 0.623125, 0.567593, 0.501875, 0.644321, 0.501875
0.723423, 0.623125, 0.646694, 0.623125, 0.646694, 0.501875, 0.723423, 0.501875
Self-Shadow
0.985, 0.985, 0.015, 0.985, 0.015, 0.015, 0.985, 0.015
