ShrubHigh_01.spt
Leaves
0.4925, 0.4925, 0.0075, 0.4925, 0.0075, 0.0075, 0.4925, 0.0075
Fronds
0.4925, 0.9925, 0.0075, 0.9925, 0.0075, 0.5075, 0.4925, 0.5075
Billboards
0.74625, 0.111582, 0.50375, 0.111582, 0.50375, 0.00169922, 0.74625, 0.00169922
0.74625, 0.224863, 0.50375, 0.224863, 0.50375, 0.11498, 0.74625, 0.11498
0.74625, 0.338145, 0.50375, 0.338145, 0.50375, 0.228262, 0.74625, 0.228262
0.74625, 0.451426, 0.50375, 0.451426, 0.50375, 0.341543, 0.74625, 0.341543
0.74625, 0.564707, 0.50375, 0.564707, 0.50375, 0.454824, 0.74625, 0.454824
0.99625, 0.111582, 0.75375, 0.111582, 0.75375, 0.00169922, 0.99625, 0.00169922
