aspen_5.spt
Leaves
0.4925, 0.24625, 0.0075, 0.24625, 0.0075, 0.00375, 0.4925, 0.00375
0.4925, 0.49625, 0.0075, 0.49625, 0.0075, 0.25375, 0.4925, 0.25375
0.9925, 0.24625, 0.5075, 0.24625, 0.5075, 0.00375, 0.9925, 0.00375
0.9925, 0.49625, 0.5075, 0.49625, 0.5075, 0.25375, 0.9925, 0.25375
Fronds
0.24625, 0.74625, 0.00375, 0.74625, 0.00375, 0.50375, 0.24625, 0.50375
Billboards
0.329839, 0.623125, 0.251216, 0.623125, 0.251216, 0.501875, 0.329839, 0.501875
0.410894, 0.623125, 0.332271, 0.623125, 0.332271, 0.501875, 0.410894, 0.501875
0.491948, 0.623125, 0.413325, 0.623125, 0.413325, 0.501875, 0.491948, 0.501875
0.573003, 0.623125, 0.49438, 0.623125, 0.49438, 0.501875, 0.573003, 0.501875
0.654058, 0.623125, 0.575435, 0.623125, 0.575435, 0.501875, 0.654058, 0.501875
0.735112, 0.623125, 0.656489, 0.623125, 0.656489, 0.501875, 0.735112, 0.501875
Self-Shadow
0.985, 0.985, 0.015, 0.985, 0.015, 0.015, 0.985, 0.015
