aspen_2.spt
Leaves
0.4925, 0.24625, 0.0075, 0.24625, 0.0075, 0.00375, 0.4925, 0.00375
0.4925, 0.49625, 0.0075, 0.49625, 0.0075, 0.25375, 0.4925, 0.25375
0.9925, 0.24625, 0.5075, 0.24625, 0.5075, 0.00375, 0.9925, 0.00375
0.9925, 0.49625, 0.5075, 0.49625, 0.5075, 0.25375, 0.9925, 0.25375
Fronds
0.24625, 0.74625, 0.00375, 0.74625, 0.00375, 0.50375, 0.24625, 0.50375
Billboards
0.342344, 0.623125, 0.251406, 0.623125, 0.251406, 0.501875, 0.342344, 0.501875
0.436094, 0.623125, 0.345156, 0.623125, 0.345156, 0.501875, 0.436094, 0.501875
0.529844, 0.623125, 0.438906, 0.623125, 0.438906, 0.501875, 0.529844, 0.501875
0.623594, 0.623125, 0.532656, 0.623125, 0.532656, 0.501875, 0.623594, 0.501875
0.717344, 0.623125, 0.626406, 0.623125, 0.626406, 0.501875, 0.717344, 0.501875
0.811094, 0.623125, 0.720156, 0.623125, 0.720156, 0.501875, 0.811094, 0.501875
Self-Shadow
0.985, 0.985, 0.015, 0.985, 0.015, 0.015, 0.985, 0.015
