aspen_6.spt
Leaves
0.4925, 0.24625, 0.0075, 0.24625, 0.0075, 0.00375, 0.4925, 0.00375
0.4925, 0.49625, 0.0075, 0.49625, 0.0075, 0.25375, 0.4925, 0.25375
0.9925, 0.24625, 0.5075, 0.24625, 0.5075, 0.00375, 0.9925, 0.00375
0.9925, 0.49625, 0.5075, 0.49625, 0.5075, 0.25375, 0.9925, 0.25375
Fronds
0.24625, 0.74625, 0.00375, 0.74625, 0.00375, 0.50375, 0.24625, 0.50375
Billboards
0.325991, 0.623125, 0.251157, 0.623125, 0.251157, 0.501875, 0.325991, 0.501875
0.40314, 0.623125, 0.328306, 0.623125, 0.328306, 0.501875, 0.40314, 0.501875
0.480288, 0.623125, 0.405454, 0.623125, 0.405454, 0.501875, 0.480288, 0.501875
0.557437, 0.623125, 0.482603, 0.623125, 0.482603, 0.501875, 0.557437, 0.501875
0.634585, 0.623125, 0.559751, 0.623125, 0.559751, 0.501875, 0.634585, 0.501875
0.711733, 0.623125, 0.636899, 0.623125, 0.636899, 0.501875, 0.711733, 0.501875
Self-Shadow
0.985, 0.985, 0.015, 0.985, 0.015, 0.015, 0.985, 0.015
