aspen_3.spt
Leaves
0.4925, 0.24625, 0.0075, 0.24625, 0.0075, 0.00375, 0.4925, 0.00375
0.4925, 0.49625, 0.0075, 0.49625, 0.0075, 0.25375, 0.4925, 0.25375
0.9925, 0.24625, 0.5075, 0.24625, 0.5075, 0.00375, 0.9925, 0.00375
0.9925, 0.49625, 0.5075, 0.49625, 0.5075, 0.25375, 0.9925, 0.25375
Fronds
0.24625, 0.74625, 0.00375, 0.74625, 0.00375, 0.50375, 0.24625, 0.50375
Billboards
0.330801, 0.623125, 0.25123, 0.623125, 0.25123, 0.501875, 0.330801, 0.501875
0.412832, 0.623125, 0.333262, 0.623125, 0.333262, 0.501875, 0.412832, 0.501875
0.494863, 0.623125, 0.415293, 0.623125, 0.415293, 0.501875, 0.494863, 0.501875
0.576895, 0.623125, 0.497324, 0.623125, 0.497324, 0.501875, 0.576895, 0.501875
0.658926, 0.623125, 0.579355, 0.623125, 0.579355, 0.501875, 0.658926, 0.501875
0.740957, 0.623125, 0.661387, 0.623125, 0.661387, 0.501875, 0.740957, 0.501875
