GreenAsh_01.spt
Leaves
0.5, 0.5, 0, 0.5, 0, 0, 0.5, 0
0.5, 1, 0, 1, 0, 0.5, 0.5, 0.5
Fronds
0.75, 0.5, 0.5, 0.5, 0.5, 0, 0.75, 0
Billboards
0.875, 0.399414, 0.75, 0.399414, 0.75, 0.318359, 0.875, 0.318359
0.75, 0.581055, 0.625, 0.581055, 0.625, 0.5, 0.75, 0.5
0.875, 0.318359, 0.75, 0.318359, 0.75, 0.237305, 0.875, 0.237305
0.875, 0.237305, 0.75, 0.237305, 0.75, 0.15625, 0.875, 0.15625
GreenAsh_02.spt
Leaves
0.5, 0.5, 0, 0.5, 0, 0, 0.5, 0
0.5, 1, 0, 1, 0, 0.5, 0.5, 0.5
Fronds
0.75, 0.5, 0.5, 0.5, 0.5, 0, 0.75, 0
Billboards
0.625, 0.578125, 0.5, 0.578125, 0.5, 0.5, 0.625, 0.5
0.875, 0.078125, 0.75, 0.078125, 0.75, 0, 0.875, 0
0.875, 0.15625, 0.75, 0.15625, 0.75, 0.078125, 0.875, 0.078125
0.625, 0.65625, 0.5, 0.65625, 0.5, 0.578125, 0.625, 0.578125
GreenAsh_03.spt
Leaves
0.5, 0.5, 0, 0.5, 0, 0, 0.5, 0
0.5, 1, 0, 1, 0, 0.5, 0.5, 0.5
Fronds
0.75, 0.5, 0.5, 0.5, 0.5, 0, 0.75, 0
Billboards
0.625, 0.943359, 0.5, 0.943359, 0.5, 0.842773, 0.625, 0.842773
0.75, 0.870117, 0.625, 0.870117, 0.625, 0.769531, 0.75, 0.769531
1, 0.578125, 0.875, 0.578125, 0.875, 0.477539, 1, 0.477539
0.875, 0.78418, 0.75, 0.78418, 0.75, 0.683594, 0.875, 0.683594
GreenAsh_04.spt
Leaves
0.5, 0.5, 0, 0.5, 0, 0, 0.5, 0
0.5, 1, 0, 1, 0, 0.5, 0.5, 0.5
Fronds
0.75, 0.5, 0.5, 0.5, 0.5, 0, 0.75, 0
Billboards
1, 0.186523, 0.875, 0.186523, 0.875, 0.0908203, 1, 0.0908203
1, 0.282227, 0.875, 0.282227, 0.875, 0.186523, 1, 0.186523
0.875, 0.585938, 0.75, 0.585938, 0.75, 0.490234, 0.875, 0.490234
0.625, 0.842773, 0.5, 0.842773, 0.5, 0.74707, 0.625, 0.74707
GreenAsh_05.spt
Leaves
0.5, 0.5, 0, 0.5, 0, 0, 0.5, 0
0.5, 1, 0, 1, 0, 0.5, 0.5, 0.5
Fronds
0.75, 0.5, 0.5, 0.5, 0.5, 0, 0.75, 0
Billboards
1, 0.0908203, 0.875, 0.0908203, 0.875, 0, 1, 0
0.75, 0.671875, 0.625, 0.671875, 0.625, 0.581055, 0.75, 0.581055
0.875, 0.490234, 0.75, 0.490234, 0.75, 0.399414, 0.875, 0.399414
0.625, 0.74707, 0.5, 0.74707, 0.5, 0.65625, 0.625, 0.65625
GreenAsh_06.spt
Leaves
0.5, 0.5, 0, 0.5, 0, 0, 0.5, 0
0.5, 1, 0, 1, 0, 0.5, 0.5, 0.5
Fronds
0.75, 0.5, 0.5, 0.5, 0.5, 0, 0.75, 0
Billboards
0.75, 0.769531, 0.625, 0.769531, 0.625, 0.671875, 0.75, 0.671875
1, 0.379883, 0.875, 0.379883, 0.875, 0.282227, 1, 0.282227
0.875, 0.683594, 0.75, 0.683594, 0.75, 0.585938, 0.875, 0.585938
1, 0.477539, 0.875, 0.477539, 0.875, 0.379883, 1, 0.379883
