PampasGrass_01.spt
Leaves
0.5, 0.5, 0, 0.5, 0, 0, 0.5, 0
Fronds
0.5, 0.5, 0, 0.5, 0, 0, 0.5, 0
Billboards
0.726563, 0.939453, 0.5, 0.939453, 0.5, 0.84375, 0.726563, 0.84375
PampasGrass_02.spt
Leaves
0.75, 0.5, 0.5, 0.5, 0.5, 0, 0.75, 0
0.5, 0.5, 0, 0.5, 0, 0, 0.5, 0
Fronds
0.5, 0.5, 0, 0.5, 0, 0, 0.5, 0
Billboards
0.886719, 0.917969, 0.75, 0.917969, 0.75, 0.820313, 0.886719, 0.820313
PampasGrass_Cluster_01.spt
Leaves
0.5, 0.5, 0, 0.5, 0, 0, 0.5, 0
Fronds
0.5, 0.5, 0, 0.5, 0, 0, 0.5, 0
Billboards
1, 0.0917969, 0.75, 0.0917969, 0.75, 0, 1, 0
1, 0.183594, 0.75, 0.183594, 0.75, 0.0917969, 1, 0.0917969
0.75, 0.671875, 0.5, 0.671875, 0.5, 0.580078, 0.75, 0.580078
1, 0.275391, 0.75, 0.275391, 0.75, 0.183594, 1, 0.183594
PampasGrass_Cluster_02.spt
Leaves
0.75, 0.5, 0.5, 0.5, 0.5, 0, 0.75, 0
0.5, 0.5, 0, 0.5, 0, 0, 0.5, 0
Fronds
0.5, 0.5, 0, 0.5, 0, 0, 0.5, 0
Billboards
0.75, 0.580078, 0.5, 0.580078, 0.5, 0.5, 0.75, 0.5
1, 0.355469, 0.75, 0.355469, 0.75, 0.275391, 1, 0.275391
1, 0.435547, 0.75, 0.435547, 0.75, 0.355469, 1, 0.355469
0.75, 0.751953, 0.5, 0.751953, 0.5, 0.671875, 0.75, 0.671875
Cattail_01.spt
Leaves
0.5, 1, 0, 1, 0, 0.5, 0.5, 0.5
Fronds
0.5, 0.5, 0, 0.5, 0, 0, 0.5, 0
Billboards
0.976563, 0.820313, 0.75, 0.820313, 0.75, 0.710938, 0.976563, 0.710938
Cattail_Cluster_01.spt
Leaves
0.5, 1, 0, 1, 0, 0.5, 0.5, 0.5
Fronds
0.5, 0.5, 0, 0.5, 0, 0, 0.5, 0
Billboards
0.984375, 0.527344, 0.75, 0.527344, 0.75, 0.435547, 0.984375, 0.435547
0.734375, 0.84375, 0.5, 0.84375, 0.5, 0.751953, 0.734375, 0.751953
0.984375, 0.619141, 0.75, 0.619141, 0.75, 0.527344, 0.984375, 0.527344
0.984375, 0.710938, 0.75, 0.710938, 0.75, 0.619141, 0.984375, 0.619141
