ScaryTree_RT_01.spt
Leaves
0.985, 0.4925, 0.015, 0.4925, 0.015, 0.0075, 0.985, 0.0075
Fronds
0.985, 0.4925, 0.015, 0.4925, 0.015, 0.0075, 0.985, 0.0075
Billboards
0.59333, 0.748125, 0.439873, 0.748125, 0.439873, 0.626875, 0.59333, 0.626875
0.751533, 0.748125, 0.598076, 0.748125, 0.598076, 0.626875, 0.751533, 0.626875
0.909736, 0.748125, 0.756279, 0.748125, 0.756279, 0.626875, 0.909736, 0.626875
0.15583, 0.873125, 0.00237305, 0.873125, 0.00237305, 0.751875, 0.15583, 0.751875
0.314033, 0.873125, 0.160576, 0.873125, 0.160576, 0.751875, 0.314033, 0.751875
0.472236, 0.873125, 0.318779, 0.873125, 0.318779, 0.751875, 0.472236, 0.751875
ScaryTree_RT_02.spt
Leaves
0.985, 0.4925, 0.015, 0.4925, 0.015, 0.0075, 0.985, 0.0075
Fronds
0.985, 0.4925, 0.015, 0.4925, 0.015, 0.0075, 0.985, 0.0075
Billboards
0.628516, 0.873125, 0.476953, 0.873125, 0.476953, 0.751875, 0.628516, 0.751875
0.784766, 0.873125, 0.633203, 0.873125, 0.633203, 0.751875, 0.784766, 0.751875
0.941016, 0.873125, 0.789453, 0.873125, 0.789453, 0.751875, 0.941016, 0.751875
0.153906, 0.998125, 0.00234375, 0.998125, 0.00234375, 0.876875, 0.153906, 0.876875
0.310156, 0.998125, 0.158594, 0.998125, 0.158594, 0.876875, 0.310156, 0.876875
0.466406, 0.998125, 0.314844, 0.998125, 0.314844, 0.876875, 0.466406, 0.876875
ScaryTree_RT_03.spt
Leaves
0.985, 0.4925, 0.015, 0.4925, 0.015, 0.0075, 0.985, 0.0075
Fronds
0.985, 0.4925, 0.015, 0.4925, 0.015, 0.0075, 0.985, 0.0075
Billboards
0.434219, 0.748125, 0.222031, 0.748125, 0.222031, 0.626875, 0.434219, 0.626875
0.215469, 0.748125, 0.00328125, 0.748125, 0.00328125, 0.626875, 0.215469, 0.626875
0.871719, 0.623125, 0.659531, 0.623125, 0.659531, 0.501875, 0.871719, 0.501875
0.652969, 0.623125, 0.440781, 0.623125, 0.440781, 0.501875, 0.652969, 0.501875
0.434219, 0.623125, 0.222031, 0.623125, 0.222031, 0.501875, 0.434219, 0.501875
0.215469, 0.623125, 0.00328125, 0.623125, 0.00328125, 0.501875, 0.215469, 0.501875
