TreeForestLeaves_thin_01.spt
Leaves
0.4925, 0.24625, 0.0075, 0.24625, 0.0075, 0.00375, 0.4925, 0.00375
0.4925, 0.49625, 0.0075, 0.49625, 0.0075, 0.25375, 0.4925, 0.25375
Fronds
0.9925, 0.24625, 0.5075, 0.24625, 0.5075, 0.00375, 0.9925, 0.00375
Billboards
0.873125, 0.532966, 0.751875, 0.532966, 0.751875, 0.486077, 0.873125, 0.486077
0.248125, 0.660896, 0.126875, 0.660896, 0.126875, 0.614006, 0.248125, 0.614006
0.998125, 0.487068, 0.876875, 0.487068, 0.876875, 0.440178, 0.998125, 0.440178
0.623125, 0.837166, 0.501875, 0.837166, 0.501875, 0.790276, 0.623125, 0.790276
0.373125, 0.875251, 0.251875, 0.875251, 0.251875, 0.828362, 0.373125, 0.828362
0.998125, 0.767341, 0.876875, 0.767341, 0.876875, 0.720452, 0.998125, 0.720452
TreeForestLeaves_thin_02.spt
Leaves
0.4925, 0.24625, 0.0075, 0.24625, 0.0075, 0.00375, 0.4925, 0.00375
0.4925, 0.49625, 0.0075, 0.49625, 0.0075, 0.25375, 0.4925, 0.25375
Fronds
0.9925, 0.24625, 0.5075, 0.24625, 0.5075, 0.00375, 0.9925, 0.00375
Billboards
0.748125, 0.78521, 0.626875, 0.78521, 0.626875, 0.725532, 0.748125, 0.725532
0.498125, 0.821343, 0.376875, 0.821343, 0.376875, 0.761665, 0.498125, 0.761665
0.373125, 0.826714, 0.251875, 0.826714, 0.251875, 0.767036, 0.373125, 0.767036
0.623125, 0.788628, 0.501875, 0.788628, 0.501875, 0.72895, 0.623125, 0.72895
0.873125, 0.708062, 0.751875, 0.708062, 0.751875, 0.648384, 0.873125, 0.648384
0.998125, 0.664116, 0.876875, 0.664116, 0.876875, 0.604438, 0.998125, 0.604438
TreeForestLeaves_thin_03.spt
Leaves
0.4925, 0.24625, 0.0075, 0.24625, 0.0075, 0.00375, 0.4925, 0.00375
0.4925, 0.49625, 0.0075, 0.49625, 0.0075, 0.25375, 0.4925, 0.25375
Fronds
0.9925, 0.24625, 0.5075, 0.24625, 0.5075, 0.00375, 0.9925, 0.00375
Billboards
0.248125, 0.793088, 0.126875, 0.793088, 0.126875, 0.737673, 0.248125, 0.737673
0.748125, 0.723752, 0.626875, 0.723752, 0.626875, 0.668337, 0.748125, 0.668337
0.123125, 0.791624, 0.001875, 0.791624, 0.001875, 0.736208, 0.123125, 0.736208
0.498125, 0.759885, 0.376875, 0.759885, 0.376875, 0.70447, 0.498125, 0.70447
0.373125, 0.765256, 0.251875, 0.765256, 0.251875, 0.709841, 0.373125, 0.709841
0.623125, 0.72717, 0.501875, 0.72717, 0.501875, 0.671755, 0.623125, 0.671755
TreeForestLeaves_thin_04.spt
Leaves
0.4925, 0.24625, 0.0075, 0.24625, 0.0075, 0.00375, 0.4925, 0.00375
0.4925, 0.49625, 0.0075, 0.49625, 0.0075, 0.25375, 0.4925, 0.25375
Fronds
0.9925, 0.24625, 0.5075, 0.24625, 0.5075, 0.00375, 0.9925, 0.00375
Billboards
0.123125, 0.659453, 0.001875, 0.659453, 0.001875, 0.613984, 0.123125, 0.613984
0.623125, 0.598418, 0.501875, 0.598418, 0.501875, 0.552949, 0.623125, 0.552949
0.373125, 0.634551, 0.251875, 0.634551, 0.251875, 0.589082, 0.373125, 0.589082
0.748125, 0.556426, 0.626875, 0.556426, 0.626875, 0.510957, 0.748125, 0.510957
0.998125, 0.43875, 0.876875, 0.43875, 0.876875, 0.393281, 0.998125, 0.393281
0.498125, 0.592559, 0.376875, 0.592559, 0.376875, 0.54709, 0.498125, 0.54709
TreeForestLeaves_thin_05.spt
Leaves
0.4925, 0.49625, 0.0075, 0.49625, 0.0075, 0.25375, 0.4925, 0.25375
0.4925, 0.49625, 0.0075, 0.49625, 0.0075, 0.25375, 0.4925, 0.25375
Fronds
0.9925, 0.24625, 0.5075, 0.24625, 0.5075, 0.00375, 0.9925, 0.00375
Billboards
0.748125, 0.666902, 0.626875, 0.666902, 0.626875, 0.629485, 0.748125, 0.629485
0.248125, 0.736238, 0.126875, 0.736238, 0.126875, 0.698821, 0.248125, 0.698821
0.123125, 0.734773, 0.001875, 0.734773, 0.001875, 0.697356, 0.123125, 0.697356
0.498125, 0.703035, 0.376875, 0.703035, 0.376875, 0.665618, 0.498125, 0.665618
0.373125, 0.708406, 0.251875, 0.708406, 0.251875, 0.670989, 0.373125, 0.670989
0.998125, 0.560945, 0.876875, 0.560945, 0.876875, 0.523528, 0.998125, 0.523528
TreeForestLeaves_thin_Cluster_01.spt
Leaves
0.4925, 0.24625, 0.0075, 0.24625, 0.0075, 0.00375, 0.4925, 0.00375
0.4925, 0.24625, 0.0075, 0.24625, 0.0075, 0.00375, 0.4925, 0.00375
Fronds
0.9925, 0.24625, 0.5075, 0.24625, 0.5075, 0.00375, 0.9925, 0.00375
Billboards
0.498125, 0.66449, 0.376875, 0.66449, 0.376875, 0.628967, 0.498125, 0.628967
0.123125, 0.696228, 0.001875, 0.696228, 0.001875, 0.660706, 0.123125, 0.660706
0.248125, 0.697693, 0.126875, 0.697693, 0.126875, 0.66217, 0.248125, 0.66217
0.748125, 0.628357, 0.626875, 0.628357, 0.626875, 0.592834, 0.748125, 0.592834
0.873125, 0.604919, 0.751875, 0.604919, 0.751875, 0.569397, 0.873125, 0.569397
0.623125, 0.670349, 0.501875, 0.670349, 0.501875, 0.634827, 0.623125, 0.634827
TreeForestLeaves_thin_Cluster_02.spt
Leaves
0.4925, 0.24625, 0.0075, 0.24625, 0.0075, 0.00375, 0.4925, 0.00375
0.4925, 0.24625, 0.0075, 0.24625, 0.0075, 0.00375, 0.4925, 0.00375
Fronds
0.9925, 0.24625, 0.5075, 0.24625, 0.5075, 0.00375, 0.9925, 0.00375
Billboards
0.74625, 0.32022, 0.50375, 0.32022, 0.50375, 0.251069, 0.74625, 0.251069
0.74625, 0.391509, 0.50375, 0.391509, 0.50375, 0.322358, 0.74625, 0.322358
0.99625, 0.32022, 0.75375, 0.32022, 0.75375, 0.251069, 0.99625, 0.251069
0.74625, 0.462798, 0.50375, 0.462798, 0.50375, 0.393647, 0.74625, 0.393647
0.99625, 0.391509, 0.75375, 0.391509, 0.75375, 0.322358, 0.99625, 0.322358
0.24625, 0.57022, 0.00375, 0.57022, 0.00375, 0.501069, 0.24625, 0.501069
TreeForestLeaves_thin_dry_01.spt
Leaves
0.4925, 0.24625, 0.0075, 0.24625, 0.0075, 0.00375, 0.4925, 0.00375
0.4925, 0.24625, 0.0075, 0.24625, 0.0075, 0.00375, 0.4925, 0.00375
Fronds
0.9925, 0.24625, 0.5075, 0.24625, 0.5075, 0.00375, 0.9925, 0.00375
Billboards
0.998125, 0.602886, 0.876875, 0.602886, 0.876875, 0.562153, 0.998125, 0.562153
0.873125, 0.646831, 0.751875, 0.646831, 0.751875, 0.606099, 0.873125, 0.606099
0.248125, 0.612651, 0.126875, 0.612651, 0.126875, 0.571919, 0.248125, 0.571919
0.123125, 0.612651, 0.001875, 0.612651, 0.001875, 0.571919, 0.123125, 0.571919
0.623125, 0.551616, 0.501875, 0.551616, 0.501875, 0.510884, 0.623125, 0.510884
0.373125, 0.587749, 0.251875, 0.587749, 0.251875, 0.547017, 0.373125, 0.547017
TreeForestLeaves_thin_dry_02.spt
Leaves
0.4925, 0.24625, 0.0075, 0.24625, 0.0075, 0.00375, 0.4925, 0.00375
0.4925, 0.24625, 0.0075, 0.24625, 0.0075, 0.00375, 0.4925, 0.00375
Fronds
0.9925, 0.24625, 0.5075, 0.24625, 0.5075, 0.00375, 0.9925, 0.00375
Billboards
0.748125, 0.509558, 0.626875, 0.509558, 0.626875, 0.464563, 0.748125, 0.464563
0.873125, 0.438269, 0.751875, 0.438269, 0.751875, 0.393274, 0.873125, 0.393274
0.498125, 0.545691, 0.376875, 0.545691, 0.376875, 0.500696, 0.498125, 0.500696
0.623125, 0.509558, 0.501875, 0.509558, 0.501875, 0.464563, 0.623125, 0.464563
0.373125, 0.545691, 0.251875, 0.545691, 0.251875, 0.500696, 0.373125, 0.500696
0.873125, 0.484656, 0.751875, 0.484656, 0.751875, 0.439661, 0.873125, 0.439661
TreeForestLeaves_thin_dry_03.spt
Leaves
0.4925, 0.24625, 0.0075, 0.24625, 0.0075, 0.00375, 0.4925, 0.00375
0.4925, 0.24625, 0.0075, 0.24625, 0.0075, 0.00375, 0.4925, 0.00375
Fronds
0.9925, 0.24625, 0.5075, 0.24625, 0.5075, 0.00375, 0.9925, 0.00375
Billboards
0.984658, 0.878945, 0.87667, 0.878945, 0.87667, 0.81832, 0.984658, 0.81832
0.359658, 0.986855, 0.25167, 0.986855, 0.25167, 0.92623, 0.359658, 0.92623
0.734658, 0.945352, 0.62667, 0.945352, 0.62667, 0.884727, 0.734658, 0.884727
0.484658, 0.981484, 0.37667, 0.981484, 0.37667, 0.920859, 0.484658, 0.920859
0.859658, 0.922891, 0.75167, 0.922891, 0.75167, 0.862266, 0.859658, 0.862266
0.984658, 0.941445, 0.87667, 0.941445, 0.87667, 0.88082, 0.984658, 0.88082
TreeForestLeaves_thin_dry_04.spt
Leaves
0.4925, 0.24625, 0.0075, 0.24625, 0.0075, 0.00375, 0.4925, 0.00375
0.4925, 0.24625, 0.0075, 0.24625, 0.0075, 0.00375, 0.4925, 0.00375
Fronds
0.9925, 0.24625, 0.5075, 0.24625, 0.5075, 0.00375, 0.9925, 0.00375
Billboards
0.123125, 0.846348, 0.001875, 0.846348, 0.001875, 0.793301, 0.123125, 0.793301
0.998125, 0.718906, 0.876875, 0.718906, 0.876875, 0.665859, 0.998125, 0.665859
0.248125, 0.847812, 0.126875, 0.847812, 0.126875, 0.794766, 0.248125, 0.794766
0.873125, 0.762852, 0.751875, 0.762852, 0.751875, 0.709805, 0.873125, 0.709805
0.623125, 0.940098, 0.501875, 0.940098, 0.501875, 0.887051, 0.623125, 0.887051
0.248125, 0.95084, 0.126875, 0.95084, 0.126875, 0.897793, 0.248125, 0.897793
TreeForestLeaves_thin_dry_05.spt
Leaves
0.4925, 0.24625, 0.0075, 0.24625, 0.0075, 0.00375, 0.4925, 0.00375
0.4925, 0.24625, 0.0075, 0.24625, 0.0075, 0.00375, 0.4925, 0.00375
Fronds
0.9925, 0.24625, 0.5075, 0.24625, 0.5075, 0.00375, 0.9925, 0.00375
Billboards
0.842344, 0.996521, 0.751406, 0.996521, 0.751406, 0.960999, 0.842344, 0.960999
0.842344, 0.9599, 0.751406, 0.9599, 0.751406, 0.924377, 0.842344, 0.924377
0.717344, 0.982361, 0.626406, 0.982361, 0.626406, 0.946838, 0.717344, 0.946838
0.592344, 0.97699, 0.501406, 0.97699, 0.501406, 0.941467, 0.592344, 0.941467
0.217344, 0.987732, 0.126406, 0.987732, 0.126406, 0.952209, 0.217344, 0.952209
0.0923437, 0.980896, 0.00140625, 0.980896, 0.00140625, 0.945374, 0.0923437, 0.945374
TreeForestLeaves_thin_dry_Cluster_01.spt
Leaves
0.4925, 0.24625, 0.0075, 0.24625, 0.0075, 0.00375, 0.4925, 0.00375
0.4925, 0.24625, 0.0075, 0.24625, 0.0075, 0.00375, 0.4925, 0.00375
Fronds
0.9925, 0.24625, 0.5075, 0.24625, 0.5075, 0.00375, 0.9925, 0.00375
Billboards
0.498125, 0.627891, 0.376875, 0.627891, 0.376875, 0.593789, 0.498125, 0.593789
0.748125, 0.591758, 0.626875, 0.591758, 0.626875, 0.557656, 0.748125, 0.557656
0.373125, 0.669883, 0.251875, 0.669883, 0.251875, 0.635781, 0.373125, 0.635781
0.623125, 0.63375, 0.501875, 0.63375, 0.501875, 0.599648, 0.623125, 0.599648
0.873125, 0.56832, 0.751875, 0.56832, 0.751875, 0.534219, 0.873125, 0.534219
0.998125, 0.522422, 0.876875, 0.522422, 0.876875, 0.48832, 0.998125, 0.48832
TreeForestLeaves_thin_dry_Cluster_02.spt
Leaves
0.4925, 0.24625, 0.0075, 0.24625, 0.0075, 0.00375, 0.4925, 0.00375
0.4925, 0.24625, 0.0075, 0.24625, 0.0075, 0.00375, 0.4925, 0.00375
Fronds
0.9925, 0.24625, 0.5075, 0.24625, 0.5075, 0.00375, 0.9925, 0.00375
Billboards
0.623125, 0.885505, 0.501875, 0.885505, 0.501875, 0.838616, 0.623125, 0.838616
0.248125, 0.896248, 0.126875, 0.896248, 0.126875, 0.849358, 0.248125, 0.849358
0.873125, 0.811287, 0.751875, 0.811287, 0.751875, 0.764397, 0.873125, 0.764397
0.123125, 0.894783, 0.001875, 0.894783, 0.001875, 0.847893, 0.123125, 0.847893
0.748125, 0.833748, 0.626875, 0.833748, 0.626875, 0.786858, 0.748125, 0.786858
0.498125, 0.86988, 0.376875, 0.86988, 0.376875, 0.822991, 0.498125, 0.822991
TreeForestLeaves_thin_dry_leaves_05.spt
Leaves
0.4925, 0.24625, 0.0075, 0.24625, 0.0075, 0.00375, 0.4925, 0.00375
0.4925, 0.49625, 0.0075, 0.49625, 0.0075, 0.25375, 0.4925, 0.25375
Fronds
0.9925, 0.24625, 0.5075, 0.24625, 0.5075, 0.00375, 0.9925, 0.00375
Billboards
0.123125, 0.944084, 0.001875, 0.944084, 0.001875, 0.896248, 0.123125, 0.896248
0.873125, 0.860588, 0.751875, 0.860588, 0.751875, 0.812751, 0.873125, 0.812751
0.748125, 0.883049, 0.626875, 0.883049, 0.626875, 0.835212, 0.748125, 0.835212
0.498125, 0.919182, 0.376875, 0.919182, 0.376875, 0.871345, 0.498125, 0.871345
0.373125, 0.924553, 0.251875, 0.924553, 0.251875, 0.876716, 0.373125, 0.876716
0.998125, 0.816643, 0.876875, 0.816643, 0.876875, 0.768806, 0.998125, 0.768806
