TreeForestLeaves_thin_01.spt
Leaves
0.5, 0.25, 0, 0.25, 0, 0, 0.5, 0
0.5, 0.500977, 0, 0.500977, 0, 0.250977, 0.5, 0.250977
Fronds
0.5, 0.751465, 0, 0.751465, 0, 0.501465, 0.5, 0.501465
Billboards
0.275391, 0.825195, 0.138672, 0.825195, 0.138672, 0.751953, 0.275391, 0.751953
0.414063, 0.825195, 0.277344, 0.825195, 0.277344, 0.751953, 0.414063, 0.751953
0.136719, 0.825195, 0, 0.825195, 0, 0.751953, 0.136719, 0.751953
0.638672, 0.776855, 0.501953, 0.776855, 0.501953, 0.703613, 0.638672, 0.703613
TreeForestLeaves_thin_02.spt
Leaves
0.5, 0.25, 0, 0.25, 0, 0, 0.5, 0
0.5, 0.500977, 0, 0.500977, 0, 0.250977, 0.5, 0.250977
Fronds
0.5, 0.751465, 0, 0.751465, 0, 0.501465, 0.5, 0.501465
Billboards
0.480469, 0.999512, 0.370117, 0.999512, 0.370117, 0.92627, 0.480469, 0.92627
0.368164, 0.999512, 0.257813, 0.999512, 0.257813, 0.92627, 0.368164, 0.92627
0.90918, 0.896484, 0.798828, 0.896484, 0.798828, 0.823242, 0.90918, 0.823242
0.625977, 0.950195, 0.515625, 0.950195, 0.515625, 0.876953, 0.625977, 0.876953
TreeForestLeaves_thin_03.spt
Leaves
0.5, 0.25, 0, 0.25, 0, 0, 0.5, 0
0.5, 0.500977, 0, 0.500977, 0, 0.250977, 0.5, 0.250977
Fronds
0.5, 0.751465, 0, 0.751465, 0, 0.501465, 0.5, 0.501465
Billboards
0.942383, 0.603027, 0.798828, 0.603027, 0.798828, 0.529785, 0.942383, 0.529785
0.645508, 0.702637, 0.501953, 0.702637, 0.501953, 0.629395, 0.645508, 0.629395
0.793945, 0.692871, 0.650391, 0.692871, 0.650391, 0.619629, 0.793945, 0.619629
0.942383, 0.677246, 0.798828, 0.677246, 0.798828, 0.604004, 0.942383, 0.604004
TreeForestLeaves_thin_04.spt
Leaves
0.5, 0.25, 0, 0.25, 0, 0, 0.5, 0
0.5, 0.500977, 0, 0.500977, 0, 0.250977, 0.5, 0.250977
Fronds
0.5, 0.751465, 0, 0.751465, 0, 0.501465, 0.5, 0.501465
Billboards
0.875, 0.0683594, 0.689453, 0.0683594, 0.689453, 0, 0.875, 0
0.875, 0.137695, 0.689453, 0.137695, 0.689453, 0.0693359, 0.875, 0.0693359
0.6875, 0.318359, 0.501953, 0.318359, 0.501953, 0.25, 0.6875, 0.25
0.875, 0.207031, 0.689453, 0.207031, 0.689453, 0.138672, 0.875, 0.138672
TreeForestLeaves_thin_05.spt
Leaves
0.5, 0.25, 0, 0.25, 0, 0, 0.5, 0
0.5, 0.500977, 0, 0.500977, 0, 0.250977, 0.5, 0.250977
Fronds
0.5, 0.751465, 0, 0.751465, 0, 0.501465, 0.5, 0.501465
Billboards
0.6875, 0.0615234, 0.501953, 0.0615234, 0.501953, 0, 0.6875, 0
0.6875, 0.124023, 0.501953, 0.124023, 0.501953, 0.0625, 0.6875, 0.0625
0.6875, 0.186523, 0.501953, 0.186523, 0.501953, 0.125, 0.6875, 0.125
0.6875, 0.249023, 0.501953, 0.249023, 0.501953, 0.1875, 0.6875, 0.1875
TreeForestLeaves_thin_Cluster_01.spt
Leaves
0.5, 0.25, 0, 0.25, 0, 0, 0.5, 0
Fronds
0.5, 0.751465, 0, 0.751465, 0, 0.501465, 0.5, 0.501465
Billboards
0.796875, 0.454102, 0.650391, 0.454102, 0.650391, 0.408691, 0.796875, 0.408691
0.648438, 0.511719, 0.501953, 0.511719, 0.501953, 0.466309, 0.648438, 0.466309
0.945313, 0.412109, 0.798828, 0.412109, 0.798828, 0.366699, 0.945313, 0.366699
0.796875, 0.500488, 0.650391, 0.500488, 0.650391, 0.455078, 0.796875, 0.455078
TreeForestLeaves_thin_Cluster_02.spt
Leaves
0.5, 0.25, 0, 0.25, 0, 0, 0.5, 0
Fronds
0.5, 0.751465, 0, 0.751465, 0, 0.501465, 0.5, 0.501465
Billboards
0.796875, 0.407715, 0.650391, 0.407715, 0.650391, 0.361328, 0.796875, 0.361328
0.984375, 0.296387, 0.837891, 0.296387, 0.837891, 0.25, 0.984375, 0.25
0.648438, 0.465332, 0.501953, 0.465332, 0.501953, 0.418945, 0.648438, 0.418945
0.945313, 0.365723, 0.798828, 0.365723, 0.798828, 0.319336, 0.945313, 0.319336
TreeForestLeaves_thin_dry_01.spt
Leaves
0.5, 0.25, 0, 0.25, 0, 0, 0.5, 0
Fronds
0.5, 0.751465, 0, 0.751465, 0, 0.501465, 0.5, 0.501465
Billboards
0.925781, 0.771484, 0.798828, 0.771484, 0.798828, 0.729004, 0.925781, 0.729004
0.384766, 0.868652, 0.257813, 0.868652, 0.257813, 0.826172, 0.384766, 0.826172
0.513672, 0.868652, 0.386719, 0.868652, 0.386719, 0.826172, 0.513672, 0.826172
0.777344, 0.835449, 0.650391, 0.835449, 0.650391, 0.792969, 0.777344, 0.792969
TreeForestLeaves_thin_dry_02.spt
Leaves
0.5, 0.25, 0, 0.25, 0, 0, 0.5, 0
Fronds
0.5, 0.751465, 0, 0.751465, 0, 0.501465, 0.5, 0.501465
Billboards
0.777344, 0.791992, 0.650391, 0.791992, 0.650391, 0.744629, 0.777344, 0.744629
0.628906, 0.825195, 0.501953, 0.825195, 0.501953, 0.777832, 0.628906, 0.777832
0.126953, 0.873535, 0, 0.873535, 0, 0.826172, 0.126953, 0.826172
0.255859, 0.873535, 0.128906, 0.873535, 0.128906, 0.826172, 0.255859, 0.826172
TreeForestLeaves_thin_dry_03.spt
Leaves
0.5, 0.25, 0, 0.25, 0, 0, 0.5, 0
Fronds
0.5, 0.751465, 0, 0.751465, 0, 0.501465, 0.5, 0.501465
Billboards
0.990234, 0.0634766, 0.876953, 0.0634766, 0.876953, 0, 0.990234, 0
0.990234, 0.12793, 0.876953, 0.12793, 0.876953, 0.0644531, 0.990234, 0.0644531
0.990234, 0.192383, 0.876953, 0.192383, 0.876953, 0.128906, 0.990234, 0.128906
0.763672, 0.899902, 0.650391, 0.899902, 0.650391, 0.836426, 0.763672, 0.836426
TreeForestLeaves_thin_dry_04.spt
Leaves
0.5, 0.25, 0, 0.25, 0, 0, 0.5, 0
Fronds
0.5, 0.751465, 0, 0.751465, 0, 0.501465, 0.5, 0.501465
Billboards
0.126953, 0.930176, 0, 0.930176, 0, 0.874512, 0.126953, 0.874512
0.255859, 0.930176, 0.128906, 0.930176, 0.128906, 0.874512, 0.255859, 0.874512
0.384766, 0.925293, 0.257813, 0.925293, 0.257813, 0.869629, 0.384766, 0.869629
0.513672, 0.925293, 0.386719, 0.925293, 0.386719, 0.869629, 0.513672, 0.869629
TreeForestLeaves_thin_dry_05.spt
Leaves
0.5, 0.25, 0, 0.25, 0, 0, 0.5, 0
Fronds
0.5, 0.751465, 0, 0.751465, 0, 0.501465, 0.5, 0.501465
Billboards
0.925781, 0.822266, 0.798828, 0.822266, 0.798828, 0.772461, 0.925781, 0.772461
0.642578, 0.875977, 0.515625, 0.875977, 0.515625, 0.826172, 0.642578, 0.826172
0.777344, 0.743652, 0.650391, 0.743652, 0.650391, 0.693848, 0.777344, 0.693848
0.925781, 0.728027, 0.798828, 0.728027, 0.798828, 0.678223, 0.925781, 0.678223
TreeForestLeaves_thin_dry_Cluster_01.spt
Leaves
0.5, 0.25, 0, 0.25, 0, 0, 0.5, 0
Fronds
0.5, 0.751465, 0, 0.751465, 0, 0.501465, 0.5, 0.501465
Billboards
0.984375, 0.249023, 0.837891, 0.249023, 0.837891, 0.208008, 0.984375, 0.208008
0.796875, 0.360352, 0.650391, 0.360352, 0.650391, 0.319336, 0.796875, 0.319336
0.648438, 0.417969, 0.501953, 0.417969, 0.501953, 0.376953, 0.648438, 0.376953
0.835938, 0.306641, 0.689453, 0.306641, 0.689453, 0.265625, 0.835938, 0.265625
TreeForestLeaves_thin_dry_Cluster_02.spt
Leaves
0.5, 0.25, 0, 0.25, 0, 0, 0.5, 0
Fronds
0.5, 0.751465, 0, 0.751465, 0, 0.501465, 0.5, 0.501465
Billboards
0.648438, 0.375977, 0.501953, 0.375977, 0.501953, 0.319336, 0.648438, 0.319336
0.835938, 0.264648, 0.689453, 0.264648, 0.689453, 0.208008, 0.835938, 0.208008
0.648438, 0.569336, 0.501953, 0.569336, 0.501953, 0.512695, 0.648438, 0.512695
0.945313, 0.469727, 0.798828, 0.469727, 0.798828, 0.413086, 0.945313, 0.413086
TreeForestLeaves_thin_dry_leaves_05.spt
Leaves
0.5, 0.25, 0, 0.25, 0, 0, 0.5, 0
0.5, 0.500977, 0, 0.500977, 0, 0.250977, 0.5, 0.250977
Fronds
0.5, 0.751465, 0, 0.751465, 0, 0.501465, 0.5, 0.501465
Billboards
0.796875, 0.618652, 0.650391, 0.618652, 0.650391, 0.560547, 0.796875, 0.560547
0.648438, 0.628418, 0.501953, 0.628418, 0.501953, 0.570313, 0.648438, 0.570313
0.945313, 0.528809, 0.798828, 0.528809, 0.798828, 0.470703, 0.945313, 0.470703
0.796875, 0.55957, 0.650391, 0.55957, 0.650391, 0.501465, 0.796875, 0.501465
