Thicket_RT.spt
Leaves
1, 0.25, 0.5, 0.25, 0.5, 0, 1, 0
1, 0.5, 0.5, 0.5, 0.5, 0.25, 1, 0.25
Fronds
0.25, 1, 0, 1, 0, 0.75, 0.25, 0.75
Billboards
0.5, 0.793945, 0.25, 0.793945, 0.25, 0.75, 0.5, 0.75
0.75, 0.793945, 0.5, 0.793945, 0.5, 0.75, 0.75, 0.75
0.5, 0.837891, 0.25, 0.837891, 0.25, 0.793945, 0.5, 0.793945
0.75, 0.837891, 0.5, 0.837891, 0.5, 0.793945, 0.75, 0.793945
Thicket_RT_Winter.spt
Leaves
0.5, 0.75, 0, 0.75, 0, 0.5, 0.5, 0.5
1, 0.75, 0.5, 0.75, 0.5, 0.5, 1, 0.5
Fronds
0.5, 0.5, 0, 0.5, 0, 0, 0.5, 0
Billboards
1, 0.793945, 0.75, 0.793945, 0.75, 0.75, 1, 0.75
0.5, 0.881836, 0.25, 0.881836, 0.25, 0.837891, 0.5, 0.837891
0.75, 0.881836, 0.5, 0.881836, 0.5, 0.837891, 0.75, 0.837891
1, 0.837891, 0.75, 0.837891, 0.75, 0.793945, 1, 0.793945
