dead_tree_01_big.spt
Leaves
0.25, 0.5, 0, 0.5, 0, 0, 0.25, 0
Fronds
0.25, 0.5, 0, 0.5, 0, 0, 0.25, 0
Billboards
0.93457, 0.898438, 0.869141, 0.898438, 0.869141, 0.703125, 0.93457, 0.703125
0.842773, 0.869141, 0.777344, 0.869141, 0.777344, 0.673828, 0.842773, 0.673828
0.93457, 0.699219, 0.869141, 0.699219, 0.869141, 0.503906, 0.93457, 0.503906
0.979492, 0.496094, 0.914063, 0.496094, 0.914063, 0.300781, 0.979492, 0.300781
dead_tree_02_medium.spt
Leaves
0.25, 0.5, 0, 0.5, 0, 0, 0.25, 0
Fronds
0.25, 0.5, 0, 0.5, 0, 0, 0.25, 0
Billboards
0.769531, 0.990234, 0.707031, 0.990234, 0.707031, 0.84375, 0.769531, 0.84375
0.703125, 0.990234, 0.640625, 0.990234, 0.640625, 0.84375, 0.703125, 0.84375
0.636719, 0.990234, 0.574219, 0.990234, 0.574219, 0.84375, 0.636719, 0.84375
0.570313, 0.990234, 0.507813, 0.990234, 0.507813, 0.84375, 0.570313, 0.84375
dead_tree_03_medium.spt
Leaves
0.25, 0.5, 0, 0.5, 0, 0, 0.25, 0
Fronds
0.25, 0.5, 0, 0.5, 0, 0, 0.25, 0
Billboards
0.90918, 0.486328, 0.838867, 0.486328, 0.838867, 0.339844, 0.90918, 0.339844
0.984375, 0.146484, 0.914063, 0.146484, 0.914063, 0, 0.984375, 0
0.984375, 0.296875, 0.914063, 0.296875, 0.914063, 0.150391, 0.984375, 0.150391
0.865234, 0.650391, 0.794922, 0.650391, 0.794922, 0.503906, 0.865234, 0.503906
dead_tree_04_small.spt
Leaves
0.25, 0.5, 0, 0.5, 0, 0, 0.25, 0
Fronds
0.25, 0.5, 0, 0.5, 0, 0, 0.25, 0
Billboards
0.983398, 0.892578, 0.938477, 0.892578, 0.938477, 0.765625, 0.983398, 0.765625
0.822266, 1, 0.777344, 1, 0.777344, 0.873047, 0.822266, 0.873047
0.983398, 0.761719, 0.938477, 0.761719, 0.938477, 0.634766, 0.983398, 0.634766
0.983398, 0.630859, 0.938477, 0.630859, 0.938477, 0.503906, 0.983398, 0.503906
dead_tree_05_small_bent.spt
Leaves
0.25, 0.5, 0, 0.5, 0, 0, 0.25, 0
Fronds
0.25, 0.5, 0, 0.5, 0, 0, 0.25, 0
Billboards
0.461914, 0.913086, 0.388672, 0.913086, 0.388672, 0.786133, 0.461914, 0.786133
0.225586, 0.967773, 0.152344, 0.967773, 0.152344, 0.84082, 0.225586, 0.84082
0.834961, 0.466797, 0.761719, 0.466797, 0.761719, 0.339844, 0.834961, 0.339844
0.225586, 0.836914, 0.152344, 0.836914, 0.152344, 0.709961, 0.225586, 0.709961
dead_tree_06_vbig.spt
Leaves
0.25, 0.5, 0, 0.5, 0, 0, 0.25, 0
Fronds
0.25, 0.5, 0, 0.5, 0, 0, 0.25, 0
Billboards
0.148438, 0.875977, 0, 0.875977, 0, 0.709961, 0.148438, 0.709961
0.65625, 0.669922, 0.507813, 0.669922, 0.507813, 0.503906, 0.65625, 0.503906
0.910156, 0.166016, 0.761719, 0.166016, 0.761719, 0, 0.910156, 0
0.910156, 0.335938, 0.761719, 0.335938, 0.761719, 0.169922, 0.910156, 0.169922
dead_tree_07_vbig.spt
Leaves
0.25, 0.5, 0, 0.5, 0, 0, 0.25, 0
Fronds
0.25, 0.5, 0, 0.5, 0, 0, 0.25, 0
Billboards
0.773438, 0.839844, 0.642578, 0.839844, 0.642578, 0.673828, 0.773438, 0.673828
0.638672, 0.839844, 0.507813, 0.839844, 0.507813, 0.673828, 0.638672, 0.673828
0.791016, 0.669922, 0.660156, 0.669922, 0.660156, 0.503906, 0.791016, 0.503906
0.384766, 0.952148, 0.253906, 0.952148, 0.253906, 0.786133, 0.384766, 0.786133
dead_tree_08_small.spt
Leaves
0.25, 0.5, 0, 0.5, 0, 0, 0.25, 0
Fronds
0.25, 0.5, 0, 0.5, 0, 0, 0.25, 0
Billboards
0.0371094, 0.987305, 0, 0.987305, 0, 0.879883, 0.0371094, 0.879883
0.078125, 0.987305, 0.0410156, 0.987305, 0.0410156, 0.879883, 0.078125, 0.879883
0.119141, 0.987305, 0.0820313, 0.987305, 0.0820313, 0.879883, 0.119141, 0.879883
0.50293, 0.893555, 0.46582, 0.893555, 0.46582, 0.786133, 0.50293, 0.786133
dead_tree_09_cluster.spt
Leaves
0.25, 0.5, 0, 0.5, 0, 0, 0.25, 0
Fronds
0.25, 0.5, 0, 0.5, 0, 0, 0.25, 0
Billboards
0.25, 0.706055, 0, 0.706055, 0, 0.503906, 0.25, 0.503906
0.503906, 0.614258, 0.253906, 0.614258, 0.253906, 0.412109, 0.503906, 0.412109
0.503906, 0.408203, 0.253906, 0.408203, 0.253906, 0.206055, 0.503906, 0.206055
0.503906, 0.202148, 0.253906, 0.202148, 0.253906, 0, 0.503906, 0
dead_tree_10_cluster_line.spt
Leaves
0.25, 0.5, 0, 0.5, 0, 0, 0.25, 0
Fronds
0.25, 0.5, 0, 0.5, 0, 0, 0.25, 0
Billboards
0.503906, 0.782227, 0.253906, 0.782227, 0.253906, 0.618164, 0.503906, 0.618164
0.757813, 0.5, 0.507813, 0.5, 0.507813, 0.335938, 0.757813, 0.335938
0.757813, 0.332031, 0.507813, 0.332031, 0.507813, 0.167969, 0.757813, 0.167969
0.757813, 0.164063, 0.507813, 0.164063, 0.507813, 0, 0.757813, 0
