RiverBirchHero_01.spt
Leaves
0.5, 0.5, 0, 0.5, 0, 0, 0.5, 0
0.5, 1, 0, 1, 0, 0.5, 0.5, 0.5
Fronds
1, 0.5, 0.5, 0.5, 0.5, 0, 1, 0
Billboards
0.666016, 0.655273, 0.5, 0.655273, 0.5, 0.5, 0.666016, 0.5
0.666016, 0.810547, 0.5, 0.810547, 0.5, 0.655273, 0.666016, 0.655273
0.832031, 0.655273, 0.666016, 0.655273, 0.666016, 0.5, 0.832031, 0.5
0.832031, 0.810547, 0.666016, 0.810547, 0.666016, 0.655273, 0.832031, 0.655273
RiverBirch_01.spt
Leaves
0.5, 0.5, 0, 0.5, 0, 0, 0.5, 0
0.5, 1, 0, 1, 0, 0.5, 0.5, 0.5
Fronds
1, 0.5, 0.5, 0.5, 0.5, 0, 1, 0
Billboards
0.666016, 0.946289, 0.5, 0.946289, 0.5, 0.810547, 0.666016, 0.810547
0.998047, 0.635742, 0.832031, 0.635742, 0.832031, 0.5, 0.998047, 0.5
0.998047, 0.771484, 0.832031, 0.771484, 0.832031, 0.635742, 0.998047, 0.635742
0.832031, 0.946289, 0.666016, 0.946289, 0.666016, 0.810547, 0.832031, 0.810547
