Azalea_Bush_01.spt
Leaves
0.5, 0.5, 0, 0.5, 0, 0, 0.5, 0
0.5, 1, 0, 1, 0, 0.5, 0.5, 0.5
Fronds
0.75, 0.5, 0.5, 0.5, 0.5, 0, 0.75, 0
Billboards
0.875, 0.262695, 0.75, 0.262695, 0.75, 0.164063, 0.875, 0.164063
0.875, 0.361328, 0.75, 0.361328, 0.75, 0.262695, 0.875, 0.262695
0.625, 0.762695, 0.5, 0.762695, 0.5, 0.664063, 0.625, 0.664063
0.875, 0.459961, 0.75, 0.459961, 0.75, 0.361328, 0.875, 0.361328
Azalea_Bush_Cluster_01.spt
Leaves
0.5, 0.5, 0, 0.5, 0, 0, 0.5, 0
0.5, 1, 0, 1, 0, 0.5, 0.5, 0.5
Fronds
0.75, 0.5, 0.5, 0.5, 0.5, 0, 0.75, 0
Billboards
0.695313, 0.582031, 0.5, 0.582031, 0.5, 0.5, 0.695313, 0.5
0.945313, 0.0820313, 0.75, 0.0820313, 0.75, 0, 0.945313, 0
0.945313, 0.164063, 0.75, 0.164063, 0.75, 0.0820313, 0.945313, 0.0820313
0.695313, 0.664063, 0.5, 0.664063, 0.5, 0.582031, 0.695313, 0.582031
