AmericanBoxwoodCluster_RT_01.spt
Leaves
0.4925, 0.4925, 0.0075, 0.4925, 0.0075, 0.0075, 0.4925, 0.0075
0.4925, 0.9925, 0.0075, 0.9925, 0.0075, 0.5075, 0.4925, 0.5075
Fronds
0.74625, 0.4925, 0.50375, 0.4925, 0.50375, 0.0075, 0.74625, 0.0075
Billboards
0.74625, 0.702964, 0.50375, 0.702964, 0.50375, 0.503091, 0.74625, 0.503091
0.99625, 0.202964, 0.75375, 0.202964, 0.75375, 0.00309082, 0.99625, 0.00309082
0.99625, 0.409019, 0.75375, 0.409019, 0.75375, 0.209146, 0.99625, 0.209146
0.99625, 0.615073, 0.75375, 0.615073, 0.75375, 0.4152, 0.99625, 0.4152
0.74625, 0.909019, 0.50375, 0.909019, 0.50375, 0.709145, 0.74625, 0.709145
0.99625, 0.821128, 0.75375, 0.821128, 0.75375, 0.621255, 0.99625, 0.621255
