CaliforniaBuckeye_RT_01.spt
Leaves
0.4925, 0.4925, 0.0075, 0.4925, 0.0075, 0.0075, 0.4925, 0.0075
0.4925, 0.9925, 0.0075, 0.9925, 0.0075, 0.5075, 0.4925, 0.5075
Fronds
0.4925, 0.4925, 0.0075, 0.4925, 0.0075, 0.0075, 0.4925, 0.0075
Billboards
0.74625, 0.164487, 0.50375, 0.164487, 0.50375, 0.00250488, 0.74625, 0.00250488
0.74625, 0.331479, 0.50375, 0.331479, 0.50375, 0.169497, 0.74625, 0.169497
0.74625, 0.498472, 0.50375, 0.498472, 0.50375, 0.336489, 0.74625, 0.336489
0.74625, 0.665464, 0.50375, 0.665464, 0.50375, 0.503481, 0.74625, 0.503481
0.99625, 0.164487, 0.75375, 0.164487, 0.75375, 0.00250488, 0.99625, 0.00250488
0.99625, 0.331479, 0.75375, 0.331479, 0.75375, 0.169497, 0.99625, 0.169497
Self-Shadow
0.985, 0.985, 0.015, 0.985, 0.015, 0.015, 0.985, 0.015
