BananaTree_RT.spt
Leaves
0.5, 0.125, 0.25, 0.125, 0.25, 0, 0.5, 0
0.5, 0.125, 0.25, 0.125, 0.25, 0, 0.5, 0
Fronds
0.972656, 0.25, 0.910156, 0.25, 0.910156, 0, 0.972656, 0
0.855469, 0.645996, 0.792969, 0.645996, 0.792969, 0.395996, 0.855469, 0.395996
Billboards
0.39209, 0.850098, 0.323242, 0.850098, 0.323242, 0.776855, 0.39209, 0.776855
0.538574, 0.768066, 0.469727, 0.768066, 0.469727, 0.694824, 0.538574, 0.694824
0.318848, 0.872559, 0.25, 0.872559, 0.25, 0.799316, 0.318848, 0.799316
0.736816, 0.573242, 0.667969, 0.573242, 0.667969, 0.5, 0.736816, 0.5
BananaTreeCluster_RT.spt
Leaves
0.5, 0.125, 0.25, 0.125, 0.25, 0, 0.5, 0
0.5, 0.125, 0.25, 0.125, 0.25, 0, 0.5, 0
Fronds
0.972656, 0.25, 0.910156, 0.25, 0.910156, 0, 0.972656, 0
0.855469, 0.645996, 0.792969, 0.645996, 0.792969, 0.395996, 0.855469, 0.395996
Billboards
0.698242, 0.10498, 0.625, 0.10498, 0.625, 0.0522461, 0.698242, 0.0522461
0.698242, 0.157715, 0.625, 0.157715, 0.625, 0.10498, 0.698242, 0.10498
0.573242, 0.458496, 0.5, 0.458496, 0.5, 0.405762, 0.573242, 0.405762
0.698242, 0.210449, 0.625, 0.210449, 0.625, 0.157715, 0.698242, 0.157715
ChollaCactus_RT.spt
Leaves
0.5, 0.125, 0.25, 0.125, 0.25, 0, 0.5, 0
Fronds
0.928711, 0.5, 0.866211, 0.5, 0.866211, 0.25, 0.928711, 0.25
Billboards
0.910156, 0.0732422, 0.844727, 0.0732422, 0.844727, 0, 0.910156, 0
0.461914, 0.819336, 0.396484, 0.819336, 0.396484, 0.746094, 0.461914, 0.746094
0.910156, 0.146484, 0.844727, 0.146484, 0.844727, 0.0732422, 0.910156, 0.0732422
0.858398, 0.395996, 0.792969, 0.395996, 0.792969, 0.322754, 0.858398, 0.322754
ChollaCactusCluster_RT.spt
Leaves
0.5, 0.125, 0.25, 0.125, 0.25, 0, 0.5, 0
Fronds
0.928711, 0.5, 0.866211, 0.5, 0.866211, 0.25, 0.928711, 0.25
Billboards
0.719727, 0.341309, 0.646484, 0.341309, 0.646484, 0.30957, 0.719727, 0.30957
0.521484, 0.590332, 0.448242, 0.590332, 0.448242, 0.558594, 0.521484, 0.558594
0.771484, 0.181641, 0.698242, 0.181641, 0.698242, 0.149902, 0.771484, 0.149902
0.646484, 0.452148, 0.573242, 0.452148, 0.573242, 0.42041, 0.646484, 0.42041
CoconutPalm_RT.spt
Leaves
0.5, 0.25, 0.375, 0.25, 0.375, 0.125, 0.5, 0.125
0.5, 0.25, 0.375, 0.25, 0.375, 0.125, 0.5, 0.125
Fronds
0.25, 0.75, 0.125, 0.75, 0.125, 0.5, 0.25, 0.5
Billboards
0.658203, 0.71582, 0.594727, 0.71582, 0.594727, 0.642578, 0.658203, 0.642578
0.136719, 0.944824, 0.0732422, 0.944824, 0.0732422, 0.871582, 0.136719, 0.871582
0.0634766, 0.944336, 0, 0.944336, 0, 0.871094, 0.0634766, 0.871094
0.908203, 0.219727, 0.844727, 0.219727, 0.844727, 0.146484, 0.908203, 0.146484
CurlyPalm_RT.spt
Leaves
0.25, 0.5, 0.125, 0.5, 0.125, 0.375, 0.25, 0.375
0.25, 0.5, 0.125, 0.5, 0.125, 0.375, 0.25, 0.375
Fronds
0.625, 0.25, 0.5, 0.25, 0.5, 0, 0.625, 0
Billboards
0.866211, 0.322754, 0.792969, 0.322754, 0.792969, 0.25, 0.866211, 0.25
0.667969, 0.642578, 0.594727, 0.642578, 0.594727, 0.569824, 0.667969, 0.569824
0.219727, 0.893066, 0.146484, 0.893066, 0.146484, 0.820313, 0.219727, 0.820313
0.792969, 0.462891, 0.719727, 0.462891, 0.719727, 0.390137, 0.792969, 0.390137
CurlyPalmCluster_RT.spt
Leaves
0.25, 0.5, 0.125, 0.5, 0.125, 0.375, 0.25, 0.375
0.25, 0.5, 0.125, 0.5, 0.125, 0.375, 0.25, 0.375
Fronds
0.625, 0.25, 0.5, 0.25, 0.5, 0, 0.625, 0
Billboards
0.646484, 0.497559, 0.573242, 0.497559, 0.573242, 0.452148, 0.646484, 0.452148
0.323242, 0.729004, 0.25, 0.729004, 0.25, 0.683594, 0.323242, 0.683594
0.594727, 0.54541, 0.521484, 0.54541, 0.521484, 0.5, 0.594727, 0.5
0.771484, 0.227051, 0.698242, 0.227051, 0.698242, 0.181641, 0.771484, 0.181641
DatePalm_RT.spt
Leaves
0.5, 0.125, 0.25, 0.125, 0.25, 0, 0.5, 0
Fronds
0.730469, 0.823242, 0.667969, 0.823242, 0.667969, 0.573242, 0.730469, 0.573242
Billboards
0.542969, 0.694824, 0.469727, 0.694824, 0.469727, 0.625, 0.542969, 0.625
0.469727, 0.746094, 0.396484, 0.746094, 0.396484, 0.67627, 0.469727, 0.67627
0.844727, 0.209473, 0.771484, 0.209473, 0.771484, 0.139648, 0.844727, 0.139648
0.792969, 0.390137, 0.719727, 0.390137, 0.719727, 0.320313, 0.792969, 0.320313
DatePalm_RT_Fruit.spt
Leaves
0.532227, 0.893066, 0.469727, 0.893066, 0.469727, 0.768066, 0.532227, 0.768066
0.3125, 0.997559, 0.25, 0.997559, 0.25, 0.872559, 0.3125, 0.872559
Fronds
0.730469, 0.823242, 0.667969, 0.823242, 0.667969, 0.573242, 0.730469, 0.573242
Billboards
0.146484, 0.871582, 0.0732422, 0.871582, 0.0732422, 0.801758, 0.146484, 0.801758
0.0732422, 0.871094, 0, 0.871094, 0, 0.80127, 0.0732422, 0.80127
0.396484, 0.776855, 0.323242, 0.776855, 0.323242, 0.707031, 0.396484, 0.707031
0.667969, 0.569824, 0.594727, 0.569824, 0.594727, 0.5, 0.667969, 0.5
0.844727, 0.139648, 0.771484, 0.139648, 0.771484, 0.0698242, 0.844727, 0.0698242
0.844727, 0.0698242, 0.771484, 0.0698242, 0.771484, 0, 0.844727, 0
DatePalmCluster_RT.spt
Leaves
0.532227, 0.893066, 0.469727, 0.893066, 0.469727, 0.768066, 0.532227, 0.768066
0.3125, 0.997559, 0.25, 0.997559, 0.25, 0.872559, 0.3125, 0.872559
Fronds
0.730469, 0.823242, 0.667969, 0.823242, 0.667969, 0.573242, 0.730469, 0.573242
Billboards
0.719727, 0.462891, 0.646484, 0.462891, 0.646484, 0.392578, 0.719727, 0.392578
0.792969, 0.320313, 0.719727, 0.320313, 0.719727, 0.25, 0.792969, 0.25
0.219727, 0.820313, 0.146484, 0.820313, 0.146484, 0.75, 0.219727, 0.75
0.323242, 0.799316, 0.25, 0.799316, 0.25, 0.729004, 0.323242, 0.729004
JoshuaTree_RT.spt
Leaves
0.125, 0.5, 0, 0.5, 0, 0.375, 0.125, 0.375
0.375, 0.375, 0.25, 0.375, 0.25, 0.25, 0.375, 0.25
Fronds
0.125, 0.75, 0, 0.75, 0, 0.5, 0.125, 0.5
Billboards
0.197266, 0.966309, 0.146484, 0.966309, 0.146484, 0.893066, 0.197266, 0.893066
0.787598, 0.573242, 0.736816, 0.573242, 0.736816, 0.5, 0.787598, 0.5
0.59375, 0.771484, 0.542969, 0.771484, 0.542969, 0.698242, 0.59375, 0.698242
0.59375, 0.698242, 0.542969, 0.698242, 0.542969, 0.625, 0.59375, 0.625
JoshuaTree_RT_Cluster.spt
Leaves
0.125, 0.5, 0, 0.5, 0, 0.375, 0.125, 0.375
0.375, 0.375, 0.25, 0.375, 0.25, 0.25, 0.375, 0.25
Fronds
0.125, 0.75, 0, 0.75, 0, 0.5, 0.125, 0.5
Billboards
0.573242, 0.353516, 0.5, 0.353516, 0.5, 0.301758, 0.573242, 0.301758
0.573242, 0.301758, 0.5, 0.301758, 0.5, 0.25, 0.573242, 0.25
0.594727, 0.597168, 0.521484, 0.597168, 0.521484, 0.54541, 0.594727, 0.54541
0.146484, 0.801758, 0.0732422, 0.801758, 0.0732422, 0.75, 0.146484, 0.75
PricklyPearCactus_RT.spt
Leaves
0.385742, 0.975098, 0.323242, 0.975098, 0.323242, 0.850098, 0.385742, 0.850098
Fronds
0.375, 0.25, 0.25, 0.25, 0.25, 0.125, 0.375, 0.125
0.25, 0.375, 0.125, 0.375, 0.125, 0.25, 0.25, 0.25
Billboards
0.719727, 0.392578, 0.646484, 0.392578, 0.646484, 0.341309, 0.719727, 0.341309
0.396484, 0.707031, 0.323242, 0.707031, 0.323242, 0.655762, 0.396484, 0.655762
0.469727, 0.67627, 0.396484, 0.67627, 0.396484, 0.625, 0.469727, 0.625
0.0732422, 0.80127, 0, 0.80127, 0, 0.75, 0.0732422, 0.75
PricklyPearCactus_RT_Flowers.spt
Leaves
0.125, 0.375, 0, 0.375, 0, 0.25, 0.125, 0.25
0.25, 0.125, 0, 0.125, 0, 0, 0.25, 0
Fronds
0.375, 0.25, 0.25, 0.25, 0.25, 0.125, 0.375, 0.125
0.25, 0.375, 0.125, 0.375, 0.125, 0.25, 0.25, 0.25
Billboards
0.573242, 0.405762, 0.5, 0.405762, 0.5, 0.353516, 0.573242, 0.353516
0.448242, 0.552246, 0.375, 0.552246, 0.375, 0.5, 0.448242, 0.5
0.698242, 0.0522461, 0.625, 0.0522461, 0.625, 0, 0.698242, 0
0.646484, 0.302246, 0.573242, 0.302246, 0.573242, 0.25, 0.646484, 0.25
PricklyPearCactusCluster_RT.spt
Leaves
0.25, 0.125, 0, 0.125, 0, 0, 0.25, 0
0.125, 0.375, 0, 0.375, 0, 0.25, 0.125, 0.25
0.385742, 0.975098, 0.323242, 0.975098, 0.323242, 0.850098, 0.385742, 0.850098
Fronds
0.375, 0.25, 0.25, 0.25, 0.25, 0.125, 0.375, 0.125
0.25, 0.375, 0.125, 0.375, 0.125, 0.25, 0.25, 0.25
Billboards
0.771484, 0.149902, 0.698242, 0.149902, 0.698242, 0.119141, 0.771484, 0.119141
0.396484, 0.655762, 0.323242, 0.655762, 0.323242, 0.625, 0.396484, 0.625
0.698242, 0.241211, 0.625, 0.241211, 0.625, 0.210449, 0.698242, 0.210449
0.573242, 0.489258, 0.5, 0.489258, 0.5, 0.458496, 0.573242, 0.458496
QueenPalm_RT.spt
Leaves
0.25, 0.5, 0.125, 0.5, 0.125, 0.375, 0.25, 0.375
0.375, 0.625, 0.25, 0.625, 0.25, 0.375, 0.375, 0.375
Fronds
0.5, 0.5, 0.375, 0.5, 0.375, 0.25, 0.5, 0.25
Billboards
0.646484, 0.42041, 0.573242, 0.42041, 0.573242, 0.36084, 0.646484, 0.36084
0.771484, 0.0595703, 0.698242, 0.0595703, 0.698242, 0, 0.771484, 0
0.771484, 0.119141, 0.698242, 0.119141, 0.698242, 0.0595703, 0.771484, 0.0595703
0.719727, 0.30957, 0.646484, 0.30957, 0.646484, 0.25, 0.719727, 0.25
QueenPalmCluster_RT.spt
Leaves
0.25, 0.5, 0.125, 0.5, 0.125, 0.375, 0.25, 0.375
0.375, 0.625, 0.25, 0.625, 0.25, 0.375, 0.375, 0.375
Fronds
0.5, 0.5, 0.375, 0.5, 0.375, 0.25, 0.5, 0.25
Billboards
0.744141, 0.495117, 0.695313, 0.495117, 0.695313, 0.462891, 0.744141, 0.462891
0.49707, 0.622559, 0.448242, 0.622559, 0.448242, 0.590332, 0.49707, 0.590332
0.695313, 0.495117, 0.646484, 0.495117, 0.646484, 0.462891, 0.695313, 0.462891
0.820313, 0.241699, 0.771484, 0.241699, 0.771484, 0.209473, 0.820313, 0.209473
SaguaroCactus_RT.spt
Leaves
0.5, 0.125, 0.25, 0.125, 0.25, 0, 0.5, 0
Fronds
Billboards
0.453613, 0.892578, 0.426758, 0.892578, 0.426758, 0.819336, 0.453613, 0.819336
0.757324, 0.646484, 0.730469, 0.646484, 0.730469, 0.573242, 0.757324, 0.573242
0.621582, 0.789063, 0.594727, 0.789063, 0.594727, 0.71582, 0.621582, 0.71582
0.569824, 0.844727, 0.542969, 0.844727, 0.542969, 0.771484, 0.569824, 0.771484
SaguaroCactus_RT_Flowers.spt
Leaves
0.25, 0.25, 0, 0.25, 0, 0.125, 0.25, 0.125
0.25, 0.25, 0, 0.25, 0, 0.125, 0.25, 0.125
Fronds
Billboards
0.25, 0.823242, 0.219727, 0.823242, 0.219727, 0.75, 0.25, 0.75
0.25, 0.896484, 0.219727, 0.896484, 0.219727, 0.823242, 0.25, 0.823242
0.426758, 0.892578, 0.396484, 0.892578, 0.396484, 0.819336, 0.426758, 0.819336
0.25, 0.969727, 0.219727, 0.969727, 0.219727, 0.896484, 0.25, 0.896484
SaguaroCactusCluster_RT.spt
Leaves
0.25, 0.25, 0, 0.25, 0, 0.125, 0.25, 0.125
0.25, 0.25, 0, 0.25, 0, 0.125, 0.25, 0.125
Fronds
Billboards
0.448242, 0.61084, 0.375, 0.61084, 0.375, 0.552246, 0.448242, 0.552246
0.521484, 0.558594, 0.448242, 0.558594, 0.448242, 0.5, 0.521484, 0.5
0.323242, 0.683594, 0.25, 0.683594, 0.25, 0.625, 0.323242, 0.625
0.646484, 0.36084, 0.573242, 0.36084, 0.573242, 0.302246, 0.646484, 0.302246
